57
MN549404   0.0000000 0.0010173 0.0123593 0.0112995 0.0123370 0.0113118 0.0588279 0.0565803 0.0577030 0.0577030 0.0477262 0.0499214 0.0477259 0.0488196 0.0477224 0.0532917 0.0521832 0.0500181 0.0521507 0.0455216 0.0455188 0.0510912 0.0411459 0.0444242 0.0521358 0.0532546 0.0521472 0.0510376 0.0510420 0.0521475 0.0522420 0.0477191 0.0510344 0.0510487 0.2081558 0.0123843 0.0577841 0.0124065 0.0102983 3.2315249 0.2525853 0.2256034 0.2252897 0.2240949 0.2232927 3.2224926 3.2414462 3.2308020 3.2561183 3.2270002 3.2382924 3.2335775 3.2364941 3.2275945 3.2222899 3.2380078 3.2451400 
MN549403   0.0010173 0.0000000 0.0134006 0.0123370 0.0113001 0.0102754 0.0599503 0.0576986 0.0588234 0.0588234 0.0488294 0.0510282 0.0488291 0.0499245 0.0488255 0.0544053 0.0532950 0.0511273 0.0532617 0.0466208 0.0466180 0.0522014 0.0422375 0.0455216 0.0532464 0.0543673 0.0532581 0.0521465 0.0521510 0.0532584 0.0533551 0.0488221 0.0521433 0.0521579 0.2095863 0.0113434 0.0589061 0.0113637 0.0092612 3.2259793 0.2541453 0.2270782 0.2267616 0.2255659 0.2247663 3.2169998 3.2358942 3.2253106 3.2504811 3.2215321 3.2327600 3.2280689 3.2309704 3.2221230 3.2168486 3.2324785 3.2395653 
MN549410   0.0123593 0.0134006 0.0000000 0.0030599 0.0040832 0.0071713 0.0610451 0.0587904 0.0599166 0.0599166 0.0477029 0.0521118 0.0477026 0.0510067 0.0476991 0.0554941 0.0543824 0.0499936 0.0521252 0.0454994 0.0454966 0.0510661 0.0411259 0.0444026 0.0521103 0.0532284 0.0543447 0.0510126 0.0510170 0.0521220 0.0522164 0.0476958 0.0510094 0.0510237 0.2080354 0.0144661 0.0600009 0.0144921 0.0061557 3.2641585 0.2524300 0.2254702 0.2251569 0.2239627 0.2231607 3.2548843 3.2740397 3.2631206 3.2891002 3.2592107 3.2707952 3.2659758 3.2689594 3.2598201 3.2543780 3.2704947 3.2778389 
MN549409   0.0112995 0.0123370 0.0030599 0.0000000 0.0010165 0.0040804 0.0575656 0.0553282 0.0564458 0.0564458 0.0443209 0.0486983 0.0443207 0.0476012 0.0443174 0.0520528 0.0509491 0.0465892 0.0487108 0.0421338 0.0421312 0.0476562 0.0377918 0.0410450 0.0486970 0.0498064 0.0509142 0.0476066 0.0498137 0.0487078 0.0487953 0.0443144 0.0476037 0.0476170 0.2032187 0.0113169 0.0565248 0.0113371 0.0030647 3.2292836 0.2470338 0.2204514 0.2201488 0.2189612 0.2181529 3.2201778 3.2393064 3.2285753 3.2540985 3.2247433 3.2361274 3.2313729 3.2343138 3.2253424 3.2199949 3.2358411 3.2430298 
MN549405   0.0123370 0.0113001 0.0040832 0.0010165 0.0000000 0.0030579 0.0586830 0.0564415 0.0575612 0.0575612 0.0454155 0.0498003 0.0454153 0.0487013 0.0454119 0.0531615 0.0520560 0.0476896 0.0498130 0.0432245 0.0432219 0.0487577 0.0388751 0.0421338 0.0497988 0.0509103 0.0520202 0.0487069 0.0509179 0.0498100 0.0498996 0.0454088 0.0487039 0.0487175 0.2046345 0.0102801 0.0576418 0.0102984 0.0020415 3.2236925 0.2485760 0.2219106 0.2216052 0.2204168 0.2196109 3.2146401 3.2337090 3.2230393 3.2484148 3.2192309 3.2305499 3.2258194 3.2287451 3.2198266 3.2145097 3.2302666 3.2374094 
MN549402   0.0113118 0.0102754 0.0071713 0.0040804 0.0030579 0.0000000 0.0598738 0.0576252 0.0587484 0.0587484 0.0465663 0.0509640 0.0465660 0.0498618 0.0465626 0.0521137 0.0510087 0.0488491 0.0509771 0.0443686 0.0443659 0.0499197 0.0400063 0.0432747 0.0509625 0.0520776 0.0531909 0.0498675 0.0520853 0.0509739 0.0510660 0.0465594 0.0498644 0.0498783 0.2063770 0.0092544 0.0588309 0.0092709 0.0010210 3.2394059 0.2505565 0.2237367 0.2234272 0.2222357 0.2214317 3.2302874 3.2493476 3.2386046 3.2641585 3.2347651 3.2461622 3.2414078 3.2443495 3.2353648 3.2300109 3.2458730 3.2530782 
MK575067   0.0588279 0.0599503 0.0610451 0.0575656 0.0586830 0.0598738 0.0000000 0.0020348 0.0030549 0.0030549 0.0248796 0.0102428 0.0227674 0.0092114 0.0248759 0.0217266 0.0206757 0.0291696 0.0312564 0.0206611 0.0206599 0.0302168 0.0185636 0.0196115 0.0312477 0.0323215 0.0312543 0.0301864 0.0323262 0.0333953 0.0323778 0.0269931 0.0301846 0.0301928 0.2081205 0.0611732 0.0030590 0.0612905 0.0588895 3.1561546 0.2568248 0.2327832 0.2324577 0.2298114 0.2290257 3.1537475 3.1724861 3.1561525 3.1696532 3.1525679 3.1694904 3.1587677 3.1512590 3.1429327 3.1379547 3.1527264 3.1697399 
MK575060   0.0565803 0.0576986 0.0587904 0.0553282 0.0564415 0.0576252 0.0020348 0.0000000 0.0010165 0.0010165 0.0227645 0.0081795 0.0206598 0.0071515 0.0227611 0.0196214 0.0185741 0.0270360 0.0291189 0.0185610 0.0185599 0.0280809 0.0164709 0.0175151 0.0291108 0.0301804 0.0291169 0.0280528 0.0301848 0.0312502 0.0302328 0.0248709 0.0280512 0.0280587 0.2052466 0.0589136 0.0010178 0.0590262 0.0566397 3.1626174 0.2536640 0.2297864 0.2294669 0.2268286 0.2260376 3.1601943 3.1790174 3.1625532 3.1761604 3.1589385 3.1759964 3.1651904 3.1576217 3.1492288 3.1442122 3.1590966 3.1762480 
MK575068   0.0577030 0.0588234 0.0599166 0.0564458 0.0575612 0.0587484 0.0030549 0.0010165 0.0000000 0.0020348 0.0238210 0.0092102 0.0217126 0.0081805 0.0238176 0.0206730 0.0196239 0.0281018 0.0301866 0.0196101 0.0196089 0.0291479 0.0175163 0.0185623 0.0301782 0.0312500 0.0301846 0.0291186 0.0312545 0.0323217 0.0313043 0.0259310 0.0291169 0.0291248 0.2066820 0.0600423 0.0020375 0.0601573 0.0577635 3.1593792 0.2552425 0.2312831 0.2309606 0.2283183 0.2275300 3.1569641 3.1757449 3.1593461 3.1729000 3.1557465 3.1727366 3.1619723 3.1544337 3.1460741 3.1410769 3.1559048 3.1729871 
MK575062   0.0577030 0.0588234 0.0599166 0.0564458 0.0575612 0.0587484 0.0030549 0.0010165 0.0020348 0.0000000 0.0238210 0.0092102 0.0217126 0.0081805 0.0238176 0.0206730 0.0196239 0.0281018 0.0301866 0.0196101 0.0196089 0.0291479 0.0175163 0.0185623 0.0301782 0.0312500 0.0301846 0.0291186 0.0312545 0.0323217 0.0313043 0.0259310 0.0291169 0.0291248 0.2066820 0.0600423 0.0020375 0.0601573 0.0577635 3.1656183 0.2552425 0.2312831 0.2309606 0.2283183 0.2275300 3.1569641 3.1757449 3.1655251 3.1791820 3.1618964 3.1727366 3.1681726 3.1605760 3.1521521 3.1471176 3.1620545 3.1792699 
MK673566   0.0477262 0.0488294 0.0477029 0.0443209 0.0454155 0.0465663 0.0248796 0.0227645 0.0238210 0.0238210 0.0000000 0.0164757 0.0040791 0.0154329 0.0143928 0.0196294 0.0185817 0.0185991 0.0206682 0.0102468 0.0102462 0.0196360 0.0081837 0.0092144 0.0206625 0.0217170 0.0227720 0.0196167 0.0217202 0.0227722 0.0217541 0.0164766 0.0196155 0.0196208 0.1969104 0.0478021 0.0238535 0.0478921 0.0455737 3.1459789 0.2430362 0.2196799 0.2193800 0.2181975 0.2173909 3.1435942 3.1622198 3.1460741 3.1594218 3.1425328 3.1592607 3.1486574 3.1412349 3.1330042 3.1280813 3.1426920 3.1595073 
MK673589   0.0499214 0.0510282 0.0521118 0.0486983 0.0498003 0.0509640 0.0102428 0.0081795 0.0092102 0.0092102 0.0164757 0.0000000 0.0143910 0.0010168 0.0164733 0.0133593 0.0123221 0.0206953 0.0227675 0.0123135 0.0123128 0.0217341 0.0102441 0.0112780 0.0227612 0.0238193 0.0227660 0.0217126 0.0238228 0.0248780 0.0238602 0.0185626 0.0217113 0.0217171 0.1968512 0.0522204 0.0092226 0.0523194 0.0499743 3.1565648 0.2460293 0.2225286 0.2222233 0.2210394 0.2202379 3.1541567 3.1729000 3.1565588 3.1700658 3.1529724 3.1699028 3.1591753 3.1516631 3.1433328 3.1383525 3.1531309 3.1701525 
MK673567   0.0477259 0.0488291 0.0477026 0.0443207 0.0454153 0.0465660 0.0227674 0.0206598 0.0217126 0.0217126 0.0040791 0.0143910 0.0000000 0.0133527 0.0123159 0.0175333 0.0164890 0.0165044 0.0185698 0.0081837 0.0081832 0.0175392 0.0061275 0.0071547 0.0185647 0.0196154 0.0206666 0.0175220 0.0196182 0.0206668 0.0196487 0.0143918 0.0175210 0.0175256 0.1941164 0.0478018 0.0217421 0.0478918 0.0455734 3.1510525 0.2399818 0.2167770 0.2164827 0.2153019 0.2144903 3.1486566 3.1673386 3.1510993 3.1645233 3.1475363 3.1643612 3.1536985 3.1462330 3.1379547 3.1330042 3.1476952 3.1646093 
JN808864   0.0488196 0.0499245 0.0510067 0.0476012 0.0487013 0.0498618 0.0092114 0.0071515 0.0081805 0.0081805 0.0154329 0.0010168 0.0133527 0.0000000 0.0154307 0.0123221 0.0112864 0.0196450 0.0217155 0.0112786 0.0112780 0.0206828 0.0092125 0.0102447 0.0217096 0.0227658 0.0217141 0.0206624 0.0227691 0.0238226 0.0228048 0.0175176 0.0206612 0.0206667 0.1954701 0.0511130 0.0081915 0.0512097 0.0488713 3.1616980 0.2445177 0.2210902 0.2207876 0.2196044 0.2188004 3.1592786 3.1780787 3.1616427 3.1752269 3.1580343 3.1750631 3.1642752 3.1567195 3.1483409 3.1433328 3.1581925 3.1753142 
MW535746   0.0477224 0.0488255 0.0476991 0.0443174 0.0454119 0.0465626 0.0248759 0.0227611 0.0238176 0.0238176 0.0143928 0.0164733 0.0123159 0.0154307 0.0000000 0.0196266 0.0185790 0.0185964 0.0164774 0.0102453 0.0102447 0.0154466 0.0081826 0.0092131 0.0143887 0.0154316 0.0164763 0.0133524 0.0154338 0.0164765 0.0154576 0.0123142 0.0154316 0.0133551 0.1941053 0.0477983 0.0238500 0.0478883 0.0455701 3.1592165 0.2354289 0.2138723 0.2135835 0.2124044 0.2115880 3.1568017 3.1755809 3.1591850 3.1727366 3.1555860 3.1725731 3.1618107 3.1542733 3.1459152 3.1409188 3.1557443 3.1728237 
MK673587   0.0532917 0.0544053 0.0554941 0.0520528 0.0531615 0.0521137 0.0217266 0.0196214 0.0206730 0.0206730 0.0196294 0.0133593 0.0175333 0.0123221 0.0196266 0.0000000 0.0030547 0.0238787 0.0259581 0.0154424 0.0154415 0.0249215 0.0133609 0.0144008 0.0259509 0.0270158 0.0280807 0.0248967 0.0270197 0.0280809 0.0270624 0.0217279 0.0248952 0.0249019 0.1998915 0.0533768 0.0207011 0.0534781 0.0511239 3.1816242 0.2509674 0.2271872 0.2268724 0.2256842 0.2248900 3.1843994 3.2033126 3.1865562 3.2003998 3.1828722 3.2002332 3.1892445 3.1815413 3.1729987 3.1678974 3.1830271 3.2004894 
MK673584   0.0521832 0.0532950 0.0543824 0.0509491 0.0520560 0.0510087 0.0206757 0.0185741 0.0196239 0.0196239 0.0185817 0.0123221 0.0164890 0.0112864 0.0185790 0.0030547 0.0000000 0.0228224 0.0249001 0.0144016 0.0144008 0.0238642 0.0123235 0.0133617 0.0248932 0.0259562 0.0270193 0.0238405 0.0259600 0.0270195 0.0260009 0.0206770 0.0238391 0.0238455 0.1985029 0.0522665 0.0196506 0.0523656 0.0500181 3.1795347 0.2494437 0.2257381 0.2254260 0.2242386 0.2234417 3.1823037 3.2012004 3.1844770 3.1982937 3.1808007 3.1981274 3.1871596 3.1794716 3.1709458 3.1658541 3.1809558 3.1983831 
MK673565   0.0500181 0.0511273 0.0499936 0.0465892 0.0476896 0.0488491 0.0291696 0.0270360 0.0281018 0.0281018 0.0185991 0.0206953 0.0165044 0.0196450 0.0185964 0.0238787 0.0228224 0.0000000 0.0249237 0.0144150 0.0144142 0.0238868 0.0123349 0.0133741 0.0249168 0.0259808 0.0270450 0.0238630 0.0259846 0.0270452 0.0260256 0.0206964 0.0238616 0.0238680 0.1931804 0.0488938 0.0281402 0.0478820 0.0478562 3.1487744 0.2375891 0.2158674 0.2155740 0.2143904 0.2135750 3.1463845 3.1650332 3.1488429 3.1726488 3.1452911 3.1620653 3.1514338 3.1542017 3.1458509 3.1408588 3.1556714 3.1623126 
MK673591   0.0521507 0.0532617 0.0521252 0.0487108 0.0498130 0.0509771 0.0312564 0.0291189 0.0301866 0.0301866 0.0206682 0.0227675 0.0185698 0.0217155 0.0164774 0.0259581 0.0249001 0.0249237 0.0000000 0.0164774 0.0164765 0.0154496 0.0143926 0.0154337 0.0123157 0.0133550 0.0143954 0.0112821 0.0133569 0.0143955 0.0133775 0.0123166 0.0154346 0.0112844 0.2025283 0.0522339 0.0302279 0.0523329 0.0499871 3.1760265 0.2460969 0.2225887 0.2222832 0.2210991 0.2202976 3.1735729 3.1925500 3.1758324 3.1896461 3.1721593 3.1894797 3.1785125 3.1708275 3.1623056 3.1572147 3.1723166 3.1897353 
MK673568   0.0455216 0.0466208 0.0454994 0.0421338 0.0432245 0.0443686 0.0206611 0.0185610 0.0196101 0.0196101 0.0102468 0.0123135 0.0081837 0.0112786 0.0102453 0.0154424 0.0144016 0.0144150 0.0164774 0.0000000 0.0061267 0.0154476 0.0040779 0.0051016 0.0164729 0.0175197 0.0185672 0.0154325 0.0175222 0.0185673 0.0175494 0.0123142 0.0154316 0.0154357 0.1858063 0.0455939 0.0196367 0.0456794 0.0433748 3.1605444 0.2309047 0.2081454 0.2078673 0.2066915 0.2058654 3.1581250 3.1769319 3.1605001 3.1740810 3.1568930 3.1739173 3.1631318 3.1555780 3.1472016 3.1421945 3.1570514 3.1741684 
MK673571   0.0455188 0.0466180 0.0454966 0.0421312 0.0432219 0.0443659 0.0206599 0.0185599 0.0196089 0.0196089 0.0102462 0.0123128 0.0081832 0.0112780 0.0102447 0.0154415 0.0144008 0.0144142 0.0164765 0.0061267 0.0000000 0.0154467 0.0040777 0.0010169 0.0164719 0.0175186 0.0185661 0.0154316 0.0175212 0.0185662 0.0175483 0.0123135 0.0154307 0.0154348 0.1885351 0.0455911 0.0196355 0.0456766 0.0433721 3.1545048 0.2354114 0.2124330 0.2121469 0.2109686 0.2101498 3.1521004 3.1708275 3.1545185 3.1679993 3.1509396 3.1678367 3.1571295 3.1496320 3.1413182 3.1363472 3.1510983 3.1680858 
FJ513078   0.0510912 0.0522014 0.0510661 0.0476562 0.0487577 0.0499197 0.0302168 0.0280809 0.0291479 0.0291479 0.0196360 0.0217341 0.0175392 0.0206828 0.0154466 0.0249215 0.0238642 0.0238868 0.0154496 0.0154476 0.0154467 0.0000000 0.0112909 0.0144056 0.0112893 0.0123276 0.0133671 0.0102564 0.0123294 0.0133672 0.0081910 0.0133645 0.0164913 0.0102585 0.1985682 0.0511727 0.0291877 0.0512696 0.0489281 3.1517366 0.2418526 0.2170850 0.2167897 0.2156069 0.2147946 3.1493137 3.1682014 3.1517772 3.1653537 3.1481739 3.1651899 3.1544060 3.1468561 3.1384845 3.1334787 3.1483344 3.1654408 
AY988601   0.0411459 0.0422375 0.0411259 0.0377918 0.0388751 0.0400063 0.0185636 0.0164709 0.0175163 0.0175163 0.0081837 0.0102441 0.0061275 0.0092125 0.0081826 0.0133609 0.0123235 0.0123349 0.0143926 0.0040779 0.0040777 0.0112909 0.0000000 0.0030559 0.0143887 0.0154316 0.0164763 0.0133524 0.0154338 0.0164765 0.0154576 0.0102447 0.0133516 0.0133551 0.1858063 0.0412110 0.0175400 0.0412879 0.0390097 3.1626174 0.2309047 0.2081454 0.2078673 0.2066915 0.2058654 3.1601943 3.1790174 3.1625532 3.1761604 3.1589385 3.1759964 3.1651904 3.1576217 3.1492288 3.1442122 3.1590966 3.1762480 
MK673572   0.0444242 0.0455216 0.0444026 0.0410450 0.0421338 0.0432747 0.0196115 0.0175151 0.0185623 0.0185623 0.0092144 0.0112780 0.0071547 0.0102447 0.0092131 0.0144008 0.0133617 0.0133741 0.0154337 0.0051016 0.0010169 0.0144056 0.0030559 0.0000000 0.0154295 0.0164752 0.0175209 0.0143916 0.0164776 0.0175210 0.0165031 0.0112786 0.0143907 0.0143945 0.1871695 0.0444947 0.0185875 0.0445781 0.0422801 3.1596282 0.2339207 0.2110135 0.2107300 0.2095525 0.2087312 3.1572125 3.1759964 3.1595928 3.1731506 3.1559920 3.1729871 3.1622198 3.1546789 3.1463168 3.1413182 3.1561503 3.1732378 
JN808857   0.0521358 0.0532464 0.0521103 0.0486970 0.0497988 0.0509625 0.0312477 0.0291108 0.0301782 0.0301782 0.0206625 0.0227612 0.0185647 0.0217096 0.0143887 0.0259509 0.0248932 0.0249168 0.0123157 0.0164729 0.0164719 0.0112893 0.0143887 0.0154295 0.0000000 0.0092129 0.0102458 0.0071541 0.0092142 0.0102459 0.0092283 0.0102439 0.0133505 0.0071555 0.2024607 0.0522189 0.0302195 0.0523178 0.0499728 3.1922871 0.2429405 0.2195972 0.2192976 0.2181156 0.2173091 3.1897975 3.2089531 3.1919340 3.2059932 3.1881915 3.2058241 3.1946652 3.1868418 3.1781665 3.1729871 3.1883474 3.2060844 
MK673588   0.0532546 0.0543673 0.0532284 0.0498064 0.0509103 0.0520776 0.0323215 0.0301804 0.0312500 0.0312500 0.0217170 0.0238193 0.0196154 0.0227658 0.0154316 0.0270158 0.0259562 0.0259808 0.0133550 0.0175197 0.0175186 0.0123276 0.0154316 0.0164752 0.0092129 0.0000000 0.0092148 0.0081840 0.0040790 0.0071552 0.0102637 0.0112793 0.0143916 0.0040792 0.2010885 0.0533395 0.0312927 0.0534407 0.0510884 3.1893582 0.2414599 0.2181860 0.2178890 0.2167076 0.2158986 3.1868758 3.2059932 3.1890339 3.2030443 3.1853051 3.2028758 3.1917550 3.1839591 3.1753142 3.1701525 3.1854613 3.2031351 
MK673583   0.0521472 0.0532581 0.0543447 0.0509142 0.0520202 0.0531909 0.0312543 0.0291169 0.0301846 0.0301846 0.0227720 0.0227660 0.0206666 0.0217141 0.0164763 0.0280807 0.0270193 0.0270450 0.0143954 0.0185672 0.0185661 0.0133671 0.0164763 0.0175209 0.0102458 0.0092148 0.0000000 0.0092153 0.0112830 0.0123182 0.0113003 0.0123158 0.0133533 0.0092172 0.2053445 0.0544583 0.0302259 0.0545618 0.0522023 3.1723039 0.2460816 0.2225748 0.2222693 0.2210852 0.2202837 3.1698610 3.1887787 3.1721461 3.1858903 3.1684925 3.1857248 3.1748120 3.1671661 3.1586875 3.1536218 3.1686499 3.1859790 
MK673582   0.0510376 0.0521465 0.0510126 0.0476066 0.0487069 0.0498675 0.0301864 0.0280528 0.0291186 0.0291186 0.0196167 0.0217126 0.0175220 0.0206624 0.0133524 0.0248967 0.0238405 0.0238630 0.0112821 0.0154325 0.0154316 0.0102564 0.0133524 0.0143916 0.0071541 0.0081840 0.0092153 0.0000000 0.0081852 0.0092154 0.0081976 0.0092136 0.0123157 0.0061294 0.2011027 0.0511189 0.0291584 0.0512156 0.0488769 3.1869770 0.2414780 0.2182017 0.2179047 0.2167232 0.2159142 3.1844992 3.2035966 3.1866760 3.2006550 3.1829562 3.2004868 3.1893905 3.1816123 3.1729871 3.1678367 3.1831126 3.2007455 
MK673570   0.0510420 0.0521510 0.0510170 0.0498137 0.0509179 0.0520853 0.0323262 0.0301848 0.0312545 0.0312545 0.0217202 0.0238228 0.0196182 0.0227691 0.0154338 0.0270197 0.0259600 0.0259846 0.0133569 0.0175222 0.0175212 0.0123294 0.0154338 0.0164776 0.0092142 0.0040790 0.0112830 0.0081852 0.0000000 0.0071562 0.0102651 0.0112809 0.0143936 0.0040798 0.2011205 0.0533475 0.0312973 0.0534487 0.0510960 3.1868873 0.2414996 0.2182211 0.2179240 0.2167424 0.2159334 3.1844097 3.2035056 3.1865872 3.2005644 3.1828678 3.2003963 3.1893014 3.1815241 3.1729000 3.1677502 3.1830242 3.2006550 
MK673592   0.0521475 0.0532584 0.0521220 0.0487078 0.0498100 0.0509739 0.0333953 0.0312502 0.0323217 0.0323217 0.0227722 0.0248780 0.0206668 0.0238226 0.0164765 0.0280809 0.0270195 0.0270452 0.0143955 0.0185673 0.0185662 0.0133672 0.0164765 0.0175210 0.0102459 0.0071552 0.0123182 0.0092154 0.0071562 0.0000000 0.0113004 0.0123159 0.0154337 0.0051037 0.2025140 0.0522307 0.0323660 0.0523296 0.0499840 3.1955649 0.2430083 0.2196562 0.2193564 0.2181741 0.2173676 3.1930672 3.2122644 3.1951794 3.2092924 3.1914218 3.2091227 3.1979218 3.1900681 3.1813592 3.1761604 3.1915775 3.2093840 
MK673576   0.0522420 0.0533551 0.0522164 0.0487953 0.0498996 0.0510660 0.0323778 0.0302328 0.0313043 0.0313043 0.0217541 0.0238602 0.0196487 0.0228048 0.0154576 0.0270624 0.0260009 0.0260256 0.0133775 0.0175494 0.0175483 0.0081910 0.0154576 0.0165031 0.0092283 0.0102637 0.0113003 0.0081976 0.0102651 0.0113004 0.0000000 0.0112982 0.0144158 0.0081993 0.2030097 0.0523255 0.0313472 0.0524248 0.0500743 3.1821269 0.2406281 0.2158908 0.2155973 0.2144136 0.2135983 3.1796580 3.1987164 3.1818731 3.1957893 3.1781713 3.1956218 3.1845745 3.1768318 3.1682459 3.1631180 3.1783282 3.1958793 
MK673579   0.0477191 0.0488221 0.0476958 0.0443144 0.0454088 0.0465594 0.0269931 0.0248709 0.0259310 0.0259310 0.0164766 0.0185626 0.0143918 0.0175176 0.0123142 0.0217279 0.0206770 0.0206964 0.0123166 0.0123142 0.0123135 0.0133645 0.0102447 0.0112786 0.0102439 0.0112793 0.0123158 0.0092136 0.0112809 0.0123159 0.0112982 0.0000000 0.0030561 0.0092155 0.1968790 0.0477950 0.0259663 0.0478849 0.0455669 3.1882756 0.2338943 0.2109911 0.2107078 0.2095304 0.2087092 3.1857932 3.2049170 3.1879616 3.2019690 3.1842339 3.2018005 3.1906820 3.1828878 3.1742448 3.1690840 3.1843903 3.2020598 
MK673581   0.0510344 0.0521433 0.0510094 0.0476037 0.0487039 0.0498644 0.0301846 0.0280512 0.0291169 0.0291169 0.0196155 0.0217113 0.0175210 0.0206612 0.0154316 0.0248952 0.0238391 0.0238616 0.0154346 0.0154316 0.0154307 0.0164913 0.0133516 0.0143907 0.0133505 0.0143916 0.0133533 0.0123157 0.0143936 0.0154337 0.0144158 0.0030561 0.0000000 0.0123182 0.1982986 0.0511157 0.0291567 0.0512124 0.0488739 3.1849346 0.2354317 0.2124501 0.2121640 0.2109856 0.2101667 3.1824605 3.2015413 3.1846535 3.1986059 3.1809413 3.1984380 3.1873624 3.1795993 3.1709907 3.1658498 3.1810979 3.1986962 
MK673585   0.0510487 0.0521579 0.0510237 0.0476170 0.0487175 0.0498783 0.0301928 0.0280587 0.0291248 0.0291248 0.0196208 0.0217171 0.0175256 0.0206667 0.0133551 0.0249019 0.0238455 0.0238680 0.0112844 0.0154357 0.0154348 0.0102585 0.0133551 0.0143945 0.0071555 0.0040792 0.0092172 0.0061294 0.0040798 0.0051037 0.0081993 0.0092155 0.0123182 0.0000000 0.1983442 0.0511301 0.0291646 0.0512268 0.0488876 3.1867199 0.2384968 0.2153628 0.2150711 0.2138910 0.2130769 3.1842426 3.2033370 3.1864214 3.2003963 3.1827027 3.2002281 3.1891351 3.1813592 3.1727366 3.1675876 3.1828591 3.2004868 
MK801755   0.2081558 0.2095863 0.2080354 0.2032187 0.2046345 0.2063770 0.2081205 0.2052466 0.2066820 0.2066820 0.1969104 0.1968512 0.1941164 0.1954701 0.1941053 0.1998915 0.1985029 0.1931804 0.2025283 0.1858063 0.1885351 0.1985682 0.1858063 0.1871695 0.2024607 0.2010885 0.2053445 0.2011027 0.2011205 0.2025140 0.2030097 0.1968790 0.1982986 0.1983442 0.0000000 0.2083168 0.2067801 0.2073982 0.2051285 3.1825027 0.0712735 0.0590185 0.0589601 0.0578981 0.0591307 3.1738611 3.1924500 3.1822505 3.1958856 3.1890292 3.1843033 3.1953811 3.1741102 3.1657290 3.1741102 3.1755726 3.1959738 
MH523642   0.0123843 0.0113434 0.0144661 0.0113169 0.0102801 0.0092544 0.0611732 0.0589136 0.0600423 0.0600423 0.0478021 0.0522204 0.0478018 0.0511130 0.0477983 0.0533768 0.0522665 0.0488938 0.0522339 0.0455939 0.0455911 0.0511727 0.0412110 0.0444947 0.0522189 0.0533395 0.0544583 0.0511189 0.0533475 0.0522307 0.0523255 0.0477950 0.0511157 0.0511301 0.2083168 0.0000000 0.0599579 0.0010193 0.0082191 3.2240147 0.2558767 0.2270209 0.2267044 0.2255090 0.2247095 3.2150513 3.2339303 3.2233650 3.2484912 3.2195936 3.2308020 3.2261180 3.2290150 3.2201835 3.2149183 3.2305215 3.2375944 
MK575061   0.0577841 0.0589061 0.0600009 0.0565248 0.0576418 0.0588309 0.0030590 0.0010178 0.0020375 0.0020375 0.0238535 0.0092226 0.0217421 0.0081915 0.0238500 0.0207011 0.0196506 0.0281402 0.0302279 0.0196367 0.0196355 0.0291877 0.0175400 0.0185875 0.0302195 0.0312927 0.0302259 0.0291584 0.0312973 0.0323660 0.0313472 0.0259663 0.0291567 0.0291646 0.2067801 0.0599579 0.0000000 0.0589181 0.0577068 3.1779144 0.2566495 0.2326299 0.2323049 0.2296605 0.2288749 3.1754809 3.1942921 3.1777040 3.1914104 3.1740588 3.1912454 3.1803638 3.1727379 3.1642810 3.1592291 3.1742143 3.1914990 
MH396625   0.0124065 0.0113637 0.0144921 0.0113371 0.0102984 0.0092709 0.0612905 0.0590262 0.0601573 0.0601573 0.0478921 0.0523194 0.0478918 0.0512097 0.0478883 0.0534781 0.0523656 0.0478820 0.0523329 0.0456794 0.0456766 0.0512696 0.0412879 0.0445781 0.0523178 0.0534407 0.0545618 0.0512156 0.0534487 0.0523296 0.0524248 0.0478849 0.0512124 0.0512268 0.2073982 0.0010193 0.0589181 0.0000000 0.0082116 3.2286461 0.2509252 0.2240331 0.2237224 0.2225285 0.2217235 3.2196448 3.2385603 3.2279517 3.2531826 3.2241634 3.2354179 3.2307172 3.2336248 3.2247557 3.2194689 3.2351350 3.2422409 
MN549406   0.0102983 0.0092612 0.0061557 0.0030647 0.0020415 0.0010210 0.0588895 0.0566397 0.0577635 0.0577635 0.0455737 0.0499743 0.0455734 0.0488713 0.0455701 0.0511239 0.0500181 0.0478562 0.0499871 0.0433748 0.0433721 0.0489281 0.0390097 0.0422801 0.0499728 0.0510884 0.0522023 0.0488769 0.0510960 0.0499840 0.0500743 0.0455669 0.0488739 0.0488876 0.2051285 0.0082191 0.0577068 0.0082116 0.0000000 3.2106364 0.2465091 0.2200012 0.2197000 0.2185148 0.2190417 3.2017202 3.2206257 3.2101120 3.2351122 3.2063633 3.2175166 3.2128481 3.2157345 3.2069505 3.2017113 3.2172409 3.2242678 
JN255817   3.2315249 3.2259793 3.2641585 3.2292836 3.2236925 3.2394059 3.1561546 3.1626174 3.1593792 3.1656183 3.1459789 3.1565648 3.1510525 3.1616980 3.1592165 3.1816242 3.1795347 3.1487744 3.1760265 3.1605444 3.1545048 3.1517366 3.1626174 3.1596282 3.1922871 3.1893582 3.1723039 3.1869770 3.1868873 3.1955649 3.1821269 3.1882756 3.1849346 3.1867199 3.1825027 3.2240147 3.1779144 3.2286461 3.2106364 0.0000000 3.4954499 3.1702978 3.1864219 3.1917883 3.2057882 0.0123503 0.0113021 0.0144181 0.0144154 0.0123416 0.0133778 0.0144241 0.0144184 0.0175535 0.0154602 0.0144243 0.0123367 
FN869553   0.2525853 0.2541453 0.2524300 0.2470338 0.2485760 0.2505565 0.2568248 0.2536640 0.2552425 0.2552425 0.2430362 0.2460293 0.2399818 0.2445177 0.2354289 0.2509674 0.2494437 0.2375891 0.2460969 0.2309047 0.2354114 0.2418526 0.2309047 0.2339207 0.2429405 0.2414599 0.2460816 0.2414780 0.2414996 0.2430083 0.2406281 0.2338943 0.2354317 0.2384968 0.0712735 0.2558767 0.2566495 0.2509252 0.2465091 3.4954499 0.0000000 0.0494104 0.0493619 0.0483169 0.0506802 3.4850409 3.5045122 3.4923070 3.5213914 3.4878840 3.4983378 3.5080906 3.4824741 3.4723565 3.4702118 3.4840606 3.5088112 
MK673559   0.2256034 0.2270782 0.2254702 0.2204514 0.2219106 0.2237367 0.2327832 0.2297864 0.2312831 0.2312831 0.2196799 0.2225286 0.2167770 0.2210902 0.2138723 0.2271872 0.2257381 0.2158674 0.2225887 0.2081454 0.2124330 0.2170850 0.2081454 0.2110135 0.2195972 0.2181860 0.2225748 0.2182017 0.2182211 0.2196562 0.2158908 0.2109911 0.2124501 0.2153628 0.0590185 0.2270209 0.2326299 0.2240331 0.2200012 3.1702978 0.0494104 0.0000000 0.0020389 0.0010200 0.0071923 3.1616963 3.1803171 3.1701608 3.1837342 3.1665529 3.1722089 3.1832323 3.1620598 3.1537191 3.1518646 3.1635227 3.1838218 
AF376747   0.2252897 0.2267616 0.2251569 0.2201488 0.2216052 0.2234272 0.2324577 0.2294669 0.2309606 0.2309606 0.2193800 0.2222233 0.2164827 0.2207876 0.2135835 0.2268724 0.2254260 0.2155740 0.2222832 0.2078673 0.2121469 0.2167897 0.2078673 0.2107300 0.2192976 0.2178890 0.2222693 0.2179047 0.2179240 0.2193564 0.2155973 0.2107078 0.2121640 0.2150711 0.0589601 0.2267044 0.2323049 0.2237224 0.2197000 3.1864219 0.0493619 0.0020389 0.0000000 0.0010191 0.0071859 3.1777420 3.1963754 3.1861321 3.1998270 3.1824876 3.1881925 3.1993202 3.1779555 3.1695371 3.1676719 3.1794219 3.1999157 
AF212302   0.2240949 0.2255659 0.2239627 0.2189612 0.2204168 0.2222357 0.2298114 0.2268286 0.2283183 0.2283183 0.2181975 0.2210394 0.2153019 0.2196044 0.2124044 0.2256842 0.2242386 0.2143904 0.2210991 0.2066915 0.2109686 0.2156069 0.2066915 0.2095525 0.2181156 0.2167076 0.2210852 0.2167232 0.2167424 0.2181741 0.2144136 0.2095304 0.2109856 0.2138910 0.0578981 0.2255090 0.2296605 0.2225285 0.2185148 3.1917883 0.0483169 0.0010200 0.0010191 0.0000000 0.0040903 3.1830572 3.2017488 3.1914469 3.2052218 3.1877798 3.1935173 3.2080316 3.1832217 3.1747535 3.1728794 3.1846935 3.2053111 
AJ627196   0.2232927 0.2247663 0.2231607 0.2181529 0.2196109 0.2214317 0.2290257 0.2260376 0.2275300 0.2275300 0.2173909 0.2202379 0.2144903 0.2188004 0.2115880 0.2248900 0.2234417 0.2135750 0.2202976 0.2058654 0.2101498 0.2147946 0.2058654 0.2087312 0.2173091 0.2158986 0.2202837 0.2159142 0.2159334 0.2173676 0.2135983 0.2087092 0.2101667 0.2130769 0.0591307 0.2247095 0.2288749 0.2217235 0.2190417 3.2057882 0.0506802 0.0071923 0.0071859 0.0040903 0.0000000 3.1969204 3.2157694 3.2053111 3.2192996 3.2015838 3.2074084 3.2221562 3.1969563 3.1883552 3.1864571 3.1984427 3.2193907 
JN255803   3.2224926 3.2169998 3.2548843 3.2201778 3.2146401 3.2302874 3.1537475 3.1601943 3.1569641 3.1569641 3.1435942 3.1541567 3.1486566 3.1592786 3.1568017 3.1843994 3.1823037 3.1463845 3.1735729 3.1581250 3.1521004 3.1493137 3.1601943 3.1572125 3.1897975 3.1868758 3.1698610 3.1844992 3.1844097 3.1930672 3.1796580 3.1857932 3.1824605 3.1842426 3.1738611 3.2150513 3.1754809 3.2196448 3.2017202 0.0123503 3.4850409 3.1616963 3.1777420 3.1830572 3.1969204 0.0000000 0.0010167 0.0123105 0.0123082 0.0102449 0.0030548 0.0102458 0.0133478 0.0164695 0.0133469 0.0133532 0.0102409 
JN255812   3.2414462 3.2358942 3.2740397 3.2393064 3.2337090 3.2493476 3.1724861 3.1790174 3.1757449 3.1757449 3.1622198 3.1729000 3.1673386 3.1780787 3.1755809 3.2033126 3.2012004 3.1650332 3.1925500 3.1769319 3.1708275 3.1682014 3.1790174 3.1759964 3.2089531 3.2059932 3.1887787 3.2035966 3.2035056 3.2122644 3.1987164 3.2049170 3.2015413 3.2033370 3.1924500 3.2339303 3.1942921 3.2385603 3.2206257 0.0113021 3.5045122 3.1803171 3.1963754 3.2017488 3.2157694 0.0010167 0.0000000 0.0112658 0.0112637 0.0092051 0.0020332 0.0092059 0.0123005 0.0154143 0.0122996 0.0123055 0.0092014 
JN255814   3.2308020 3.2253106 3.2631206 3.2285753 3.2230393 3.2386046 3.1561525 3.1625532 3.1593461 3.1655251 3.1460741 3.1565588 3.1510993 3.1616427 3.1591850 3.1865562 3.1844770 3.1488429 3.1758324 3.1605001 3.1545185 3.1517772 3.1625532 3.1595928 3.1919340 3.1890339 3.1721461 3.1866760 3.1865872 3.1951794 3.1818731 3.1879616 3.1846535 3.1864214 3.1822505 3.2233650 3.1777040 3.2279517 3.2101120 0.0144181 3.4923070 3.1701608 3.1861321 3.1914469 3.2053111 0.0123105 0.0112658 0.0000000 0.0143689 0.0123019 0.0133347 0.0123037 0.0154113 0.0185413 0.0154102 0.0154175 0.0122970 
HM044319   3.2561183 3.2504811 3.2891002 3.2540985 3.2484148 3.2641585 3.1696532 3.1761604 3.1729000 3.1791820 3.1594218 3.1700658 3.1645233 3.1752269 3.1727366 3.2003998 3.1982937 3.1726488 3.1896461 3.1740810 3.1679993 3.1653537 3.1761604 3.1731506 3.2059932 3.2030443 3.1858903 3.2006550 3.2005644 3.2092924 3.1957893 3.2019690 3.1986059 3.2003963 3.1958856 3.2484912 3.1914104 3.2531826 3.2351122 0.0144154 3.5213914 3.1837342 3.1998270 3.2052218 3.2192996 0.0123082 0.0112637 0.0143689 0.0000000 0.0122996 0.0133322 0.0143748 0.0133325 0.0164504 0.0133315 0.0133378 0.0122947 
JN255804   3.2270002 3.2215321 3.2592107 3.2247433 3.2192309 3.2347651 3.1525679 3.1589385 3.1557465 3.1618964 3.1425328 3.1529724 3.1475363 3.1580343 3.1555860 3.1828722 3.1808007 3.1452911 3.1721593 3.1568930 3.1509396 3.1481739 3.1589385 3.1559920 3.1881915 3.1853051 3.1684925 3.1829562 3.1828678 3.1914218 3.1781713 3.1842339 3.1809413 3.1827027 3.1890292 3.2195936 3.1740588 3.2241634 3.2063633 0.0123416 3.4878840 3.1665529 3.1824876 3.1877798 3.2015838 0.0102449 0.0092051 0.0123019 0.0122996 0.0000000 0.0112680 0.0123070 0.0133384 0.0164578 0.0071468 0.0133438 0.0102337 
JN255813   3.2382924 3.2327600 3.2707952 3.2361274 3.2305499 3.2461622 3.1694904 3.1759964 3.1727366 3.1727366 3.1592607 3.1699028 3.1643612 3.1750631 3.1725731 3.2002332 3.1981274 3.1620653 3.1894797 3.1739173 3.1678367 3.1651899 3.1759964 3.1729871 3.2058241 3.2028758 3.1857248 3.2004868 3.2003963 3.2091227 3.1956218 3.2018005 3.1984380 3.2002281 3.1843033 3.2308020 3.1912454 3.2354179 3.2175166 0.0133778 3.4983378 3.1722089 3.1881925 3.1935173 3.2074084 0.0030548 0.0020332 0.0133347 0.0133322 0.0112680 0.0000000 0.0112690 0.0143728 0.0174976 0.0143718 0.0143786 0.0112636 
JN255815   3.2335775 3.2280689 3.2659758 3.2313729 3.2258194 3.2414078 3.1587677 3.1651904 3.1619723 3.1681726 3.1486574 3.1591753 3.1536985 3.1642752 3.1618107 3.1892445 3.1871596 3.1514338 3.1785125 3.1631318 3.1571295 3.1544060 3.1651904 3.1622198 3.1946652 3.1917550 3.1748120 3.1893905 3.1893014 3.1979218 3.1845745 3.1906820 3.1873624 3.1891351 3.1953811 3.2261180 3.1803638 3.2307172 3.2128481 0.0144241 3.5080906 3.1832323 3.1993202 3.2080316 3.2221562 0.0102458 0.0092059 0.0123037 0.0143748 0.0123070 0.0112690 0.0000000 0.0154177 0.0185490 0.0154166 0.0154239 0.0123021 
MN062017   3.2364941 3.2309704 3.2689594 3.2343138 3.2287451 3.2443495 3.1512590 3.1576217 3.1544337 3.1605760 3.1412349 3.1516631 3.1462330 3.1567195 3.1542733 3.1815413 3.1794716 3.1542017 3.1708275 3.1555780 3.1496320 3.1468561 3.1576217 3.1546789 3.1868418 3.1839591 3.1671661 3.1816123 3.1815241 3.1900681 3.1768318 3.1828878 3.1795993 3.1813592 3.1741102 3.2290150 3.1727379 3.2336248 3.2157345 0.0144184 3.4824741 3.1620598 3.1779555 3.1832217 3.1969563 0.0133478 0.0123005 0.0154113 0.0133325 0.0133384 0.0143728 0.0154177 0.0000000 0.0050961 0.0061196 0.0000010 0.0112637 
HM044318   3.2275945 3.2221230 3.2598201 3.2253424 3.2198266 3.2353648 3.1429327 3.1492288 3.1460741 3.1521521 3.1330042 3.1433328 3.1379547 3.1483409 3.1459152 3.1729987 3.1709458 3.1458509 3.1623056 3.1472016 3.1413182 3.1384845 3.1492288 3.1463168 3.1781665 3.1753142 3.1586875 3.1729871 3.1729000 3.1813592 3.1682459 3.1742448 3.1709907 3.1727366 3.1657290 3.2201835 3.1642810 3.2247557 3.2069505 0.0175535 3.4723565 3.1537191 3.1695371 3.1747535 3.1883552 0.0164695 0.0154143 0.0185413 0.0164504 0.0164578 0.0174976 0.0185490 0.0050961 0.0000000 0.0092023 0.0050981 0.0143716 
HM044321   3.2222899 3.2168486 3.2543780 3.2199949 3.2145097 3.2300109 3.1379547 3.1442122 3.1410769 3.1471176 3.1280813 3.1383525 3.1330042 3.1433328 3.1409188 3.1678974 3.1658541 3.1408588 3.1572147 3.1421945 3.1363472 3.1334787 3.1442122 3.1413182 3.1729871 3.1701525 3.1536218 3.1678367 3.1677502 3.1761604 3.1631180 3.1690840 3.1658498 3.1675876 3.1741102 3.2149183 3.1592291 3.2194689 3.2017113 0.0154602 3.4702118 3.1518646 3.1676719 3.1728794 3.1864571 0.0133469 0.0122996 0.0154102 0.0133315 0.0071468 0.0143718 0.0154166 0.0061196 0.0092023 0.0000000 0.0061220 0.0112630 
AF010304   3.2380078 3.2324785 3.2704947 3.2358411 3.2302666 3.2458730 3.1527264 3.1590966 3.1559048 3.1620545 3.1426920 3.1531309 3.1476952 3.1581925 3.1557443 3.1830271 3.1809558 3.1556714 3.1723166 3.1570514 3.1510983 3.1483344 3.1590966 3.1561503 3.1883474 3.1854613 3.1686499 3.1831126 3.1830242 3.1915775 3.1783282 3.1843903 3.1810979 3.1828591 3.1755726 3.2305215 3.1742143 3.2351350 3.2172409 0.0144243 3.4840606 3.1635227 3.1794219 3.1846935 3.1984427 0.0133532 0.0123055 0.0154175 0.0133378 0.0133438 0.0143786 0.0154239 0.0000010 0.0050981 0.0061220 0.0000000 0.0112683 
JN255818   3.2451400 3.2395653 3.2778389 3.2430298 3.2374094 3.2530782 3.1697399 3.1762480 3.1729871 3.1792699 3.1595073 3.1701525 3.1646093 3.1753142 3.1728237 3.2004894 3.1983831 3.1623126 3.1897353 3.1741684 3.1680858 3.1654408 3.1762480 3.1732378 3.2060844 3.2031351 3.1859790 3.2007455 3.2006550 3.2093840 3.1958793 3.2020598 3.1986962 3.2004868 3.1959738 3.2375944 3.1914990 3.2422409 3.2242678 0.0123367 3.5088112 3.1838218 3.1999157 3.2053111 3.2193907 0.0102409 0.0092014 0.0122970 0.0122947 0.0102337 0.0112636 0.0123021 0.0112637 0.0143716 0.0112630 0.0112683 0.0000000 
