37
AF212302   0.0000000 0.0011101 0.0005546 0.0022297 0.0191391 0.0841395 0.0865888 0.0073321 0.0882227 0.0858359 0.0922341 0.0866103 0.0873863 0.0874057 0.0005546 0.0005544 0.0005544 0.0856770 0.0849667 0.0849667 0.0853053 0.0907312 0.0848901 0.0890226 0.0873453 0.0883206 0.0898845 0.0873222 0.0913721 0.0866103 0.0914160 0.0899449 0.0866484 0.0896163 0.0906297 0.0930846 0.0911918 
AF376747   0.0011101 0.0000000 0.0005545 0.0033529 0.0203573 0.0857570 0.0882227 0.0084836 0.0898668 0.0874661 0.0939021 0.0882447 0.0890250 0.0890448 0.0016686 0.0016681 0.0016683 0.0873030 0.0865899 0.0865899 0.0869364 0.0923932 0.0865114 0.0906727 0.0889829 0.0899673 0.0915413 0.0889591 0.0930349 0.0882447 0.0930801 0.0916032 0.0882839 0.0912655 0.0922894 0.0947585 0.0928512 
AJ564621   0.0005546 0.0005545 0.0000000 0.0027912 0.0197505 0.0849667 0.0874249 0.0079082 0.0890646 0.0866700 0.0930891 0.0874467 0.0882252 0.0882447 0.0011105 0.0011101 0.0011102 0.0865089 0.0857969 0.0857969 0.0861397 0.0915828 0.0857194 0.0898670 0.0881836 0.0891638 0.0907335 0.0881601 0.0922242 0.0874467 0.0922688 0.0907947 0.0874854 0.0904610 0.0914801 0.0939430 0.0920421 
AJ627196   0.0022297 0.0033529 0.0027912 0.0000000 0.0203769 0.0840422 0.0864874 0.0073264 0.0881187 0.0857358 0.0921235 0.0865089 0.0872837 0.0873030 0.0027912 0.0027904 0.0016697 0.0855773 0.0848680 0.0848680 0.0852058 0.0906229 0.0847917 0.0889172 0.0872428 0.0882163 0.0897775 0.0872198 0.0912629 0.0865089 0.0913067 0.0898378 0.0865469 0.0895102 0.0905217 0.0929725 0.0910831 
AY858111   0.0191391 0.0203573 0.0197505 0.0203769 0.0000000 0.0799819 0.0823830 0.0185166 0.0839858 0.0816419 0.0879270 0.0824032 0.0831662 0.0831844 0.0197505 0.0197442 0.0185296 0.0814938 0.0807923 0.0807923 0.0811104 0.0864438 0.0791937 0.0847711 0.0831280 0.0840773 0.0856152 0.0831066 0.0870809 0.0824032 0.0871215 0.0856716 0.0824388 0.0838136 0.0863487 0.0887594 0.0869099 
AY988601   0.0841395 0.0857570 0.0849667 0.0840422 0.0799819 0.0000000 0.0039155 0.0806631 0.0039151 0.0016692 0.0190978 0.0022279 0.0027876 0.0027881 0.0833360 0.0849273 0.0833156 0.0039113 0.0016679 0.0016679 0.0022292 0.0067605 0.0016679 0.0056154 0.0044791 0.0073307 0.0061876 0.0044757 0.0061792 0.0027876 0.0061805 0.0073330 0.0022285 0.0050378 0.0056128 0.0221409 0.0067533 
FJ513078   0.0865888 0.0882227 0.0874249 0.0864874 0.0823830 0.0039155 0.0000000 0.0830683 0.0044760 0.0056191 0.0209386 0.0061876 0.0067572 0.0067585 0.0857770 0.0873839 0.0857558 0.0056144 0.0056146 0.0056146 0.0061912 0.0073266 0.0056146 0.0039121 0.0027859 0.0085071 0.0073545 0.0061835 0.0067434 0.0067572 0.0067449 0.0078999 0.0061894 0.0067494 0.0061763 0.0240102 0.0084824 
FN869553   0.0073321 0.0084836 0.0079082 0.0073264 0.0185166 0.0806631 0.0830683 0.0000000 0.0846736 0.0823264 0.0886197 0.0830886 0.0838526 0.0838710 0.0079082 0.0079059 0.0067577 0.0821768 0.0814750 0.0814750 0.0817959 0.0871359 0.0814030 0.0854601 0.0838140 0.0847661 0.0863058 0.0837924 0.0877725 0.0830886 0.0878136 0.0863628 0.0831246 0.0860522 0.0870399 0.0894544 0.0876003 
JN808857   0.0882227 0.0898668 0.0890646 0.0881187 0.0839858 0.0039151 0.0044760 0.0846736 0.0000000 0.0056185 0.0185108 0.0061870 0.0067565 0.0067577 0.0874057 0.0890225 0.0873839 0.0033511 0.0056143 0.0056143 0.0061906 0.0050457 0.0056143 0.0039117 0.0027856 0.0073508 0.0062044 0.0039144 0.0044722 0.0067565 0.0044731 0.0056130 0.0061888 0.0044761 0.0039098 0.0215488 0.0061877 
JN808864   0.0858359 0.0874661 0.0866700 0.0857358 0.0816419 0.0016692 0.0056191 0.0823264 0.0056185 0.0000000 0.0209334 0.0016671 0.0022251 0.0022255 0.0850261 0.0866294 0.0850051 0.0056131 0.0033510 0.0033510 0.0039188 0.0084897 0.0033510 0.0073337 0.0061870 0.0090641 0.0079114 0.0061822 0.0079006 0.0033453 0.0079023 0.0090669 0.0016676 0.0067480 0.0073302 0.0240039 0.0084805 
MH396625   0.0922341 0.0939021 0.0930891 0.0921235 0.0879270 0.0190978 0.0209386 0.0886197 0.0185108 0.0209334 0.0000000 0.0215381 0.0221441 0.0221483 0.0914053 0.0930444 0.0913823 0.0184920 0.0209160 0.0209160 0.0203391 0.0215657 0.0209160 0.0203311 0.0191098 0.0221552 0.0209358 0.0190940 0.0209184 0.0221441 0.0209238 0.0221769 0.0215449 0.0196836 0.0203206 0.0050323 0.0215407 
MK575060   0.0866103 0.0882447 0.0874467 0.0865089 0.0824032 0.0022279 0.0061876 0.0830886 0.0061870 0.0016671 0.0215381 0.0000000 0.0005542 0.0005543 0.0857982 0.0874057 0.0857770 0.0061810 0.0039136 0.0039136 0.0044828 0.0090652 0.0039136 0.0079062 0.0067565 0.0096399 0.0084855 0.0067513 0.0084738 0.0039067 0.0084757 0.0096429 0.0011097 0.0073180 0.0079023 0.0246161 0.0090545 
MK575063   0.0873863 0.0890250 0.0882252 0.0872837 0.0831662 0.0027876 0.0067572 0.0838526 0.0067565 0.0022251 0.0221441 0.0005542 0.0000000 0.0011094 0.0865721 0.0881836 0.0865507 0.0067500 0.0044773 0.0044773 0.0050488 0.0096412 0.0044773 0.0084798 0.0073272 0.0102182 0.0090607 0.0073215 0.0090474 0.0044696 0.0090494 0.0102213 0.0016673 0.0078892 0.0084757 0.0252296 0.0096309 
MK575069   0.0874057 0.0890448 0.0882447 0.0873030 0.0831844 0.0027881 0.0067585 0.0838710 0.0067577 0.0022255 0.0221483 0.0005543 0.0011094 0.0000000 0.0865913 0.0882032 0.0865698 0.0067513 0.0044782 0.0044782 0.0050498 0.0096429 0.0044782 0.0084814 0.0073286 0.0102200 0.0090624 0.0073229 0.0090491 0.0044704 0.0090511 0.0102232 0.0016676 0.0078906 0.0084773 0.0252345 0.0096326 
MK673559   0.0005546 0.0016686 0.0011105 0.0027912 0.0197505 0.0833360 0.0857770 0.0079082 0.0874057 0.0850261 0.0914053 0.0857982 0.0865721 0.0865913 0.0000000 0.0011101 0.0011102 0.0848692 0.0841603 0.0841603 0.0844951 0.0899047 0.0840847 0.0882032 0.0865317 0.0875024 0.0890621 0.0865089 0.0905459 0.0857982 0.0905892 0.0891218 0.0858359 0.0887964 0.0898043 0.0922527 0.0903674 
MK673560   0.0005544 0.0016681 0.0011101 0.0027904 0.0197442 0.0849273 0.0873839 0.0079059 0.0890225 0.0866294 0.0930444 0.0874057 0.0881836 0.0882032 0.0011101 0.0000000 0.0011099 0.0864685 0.0857570 0.0857570 0.0860994 0.0915389 0.0856795 0.0898243 0.0881421 0.0891216 0.0906903 0.0881187 0.0921801 0.0874057 0.0922246 0.0907514 0.0874443 0.0904181 0.0914364 0.0938977 0.0919982 
MK673562   0.0005544 0.0016683 0.0011102 0.0016697 0.0185296 0.0833156 0.0857558 0.0067577 0.0873839 0.0850051 0.0913823 0.0857770 0.0865507 0.0865698 0.0011102 0.0011099 0.0000000 0.0848483 0.0841395 0.0841395 0.0844742 0.0898821 0.0840641 0.0881812 0.0865102 0.0874806 0.0890399 0.0864874 0.0905233 0.0857770 0.0905665 0.0890995 0.0858147 0.0887743 0.0897818 0.0922295 0.0903448 
MK673565   0.0856770 0.0873030 0.0865089 0.0855773 0.0814938 0.0039113 0.0056144 0.0821768 0.0033511 0.0056131 0.0184920 0.0061810 0.0067500 0.0067513 0.0848692 0.0864685 0.0848483 0.0000000 0.0056089 0.0056089 0.0061846 0.0061883 0.0056089 0.0050460 0.0039136 0.0079014 0.0067559 0.0039106 0.0056095 0.0067500 0.0056107 0.0067592 0.0061828 0.0044719 0.0050443 0.0215266 0.0061817 
MK673566   0.0849667 0.0865899 0.0857969 0.0848680 0.0807923 0.0016679 0.0056146 0.0814750 0.0056143 0.0033510 0.0209160 0.0039136 0.0044773 0.0044782 0.0841603 0.0857570 0.0841395 0.0056089 0.0000000 0.0011099 0.0039158 0.0084831 0.0033485 0.0073280 0.0061822 0.0090570 0.0079053 0.0061774 0.0078945 0.0044773 0.0078962 0.0090598 0.0039147 0.0067428 0.0073245 0.0239837 0.0084739 
MK673567   0.0849667 0.0865899 0.0857969 0.0848680 0.0807923 0.0016679 0.0056146 0.0814750 0.0056143 0.0033510 0.0209160 0.0039136 0.0044773 0.0044782 0.0841603 0.0857570 0.0841395 0.0056089 0.0011099 0.0000000 0.0039158 0.0084831 0.0033485 0.0073280 0.0061822 0.0090570 0.0079053 0.0061774 0.0078945 0.0044773 0.0078962 0.0090598 0.0039147 0.0067428 0.0073245 0.0239837 0.0084739 
MK673568   0.0853053 0.0869364 0.0861397 0.0852058 0.0811104 0.0022292 0.0061912 0.0817959 0.0061906 0.0039188 0.0203391 0.0044828 0.0050488 0.0050498 0.0844951 0.0860994 0.0844742 0.0061846 0.0039158 0.0039158 0.0000000 0.0090707 0.0039158 0.0079108 0.0067605 0.0096456 0.0084905 0.0067552 0.0084788 0.0050488 0.0084807 0.0096496 0.0044842 0.0073223 0.0079070 0.0234038 0.0090608 
MK673570   0.0907312 0.0923932 0.0915828 0.0906229 0.0864438 0.0067605 0.0073266 0.0871359 0.0050457 0.0084897 0.0215657 0.0090652 0.0096412 0.0096429 0.0899047 0.0915389 0.0898821 0.0061883 0.0084831 0.0084831 0.0090707 0.0000000 0.0084831 0.0067547 0.0056122 0.0102530 0.0090911 0.0067592 0.0050418 0.0096412 0.0027871 0.0005541 0.0090679 0.0073267 0.0022275 0.0246483 0.0090663 
MK673571   0.0848901 0.0865114 0.0857194 0.0847917 0.0791937 0.0016679 0.0056146 0.0814030 0.0056143 0.0033510 0.0209160 0.0039136 0.0044773 0.0044782 0.0840847 0.0856795 0.0840641 0.0056089 0.0033485 0.0033485 0.0039158 0.0084831 0.0000000 0.0073280 0.0061822 0.0090570 0.0079053 0.0061774 0.0078945 0.0044773 0.0078962 0.0090598 0.0039147 0.0067428 0.0073245 0.0239837 0.0084739 
MK673576   0.0890226 0.0906727 0.0898670 0.0889172 0.0847711 0.0056154 0.0039121 0.0854601 0.0039117 0.0073337 0.0203311 0.0079062 0.0084798 0.0084814 0.0882032 0.0898243 0.0881812 0.0050460 0.0073280 0.0073280 0.0079108 0.0067547 0.0073280 0.0000000 0.0022262 0.0090838 0.0079286 0.0056144 0.0061738 0.0084798 0.0061752 0.0073266 0.0079085 0.0061794 0.0056079 0.0233946 0.0079071 
MK673578   0.0873453 0.0889829 0.0881836 0.0872428 0.0831280 0.0044791 0.0027859 0.0838140 0.0027856 0.0061870 0.0191098 0.0067565 0.0073272 0.0073286 0.0865317 0.0881421 0.0865102 0.0039136 0.0061822 0.0061822 0.0067605 0.0056122 0.0061822 0.0022262 0.0000000 0.0079245 0.0067757 0.0044783 0.0050360 0.0073272 0.0050373 0.0061810 0.0067585 0.0050409 0.0044731 0.0221552 0.0067573 
MK673579   0.0883206 0.0899673 0.0891638 0.0882163 0.0840773 0.0073307 0.0085071 0.0847661 0.0073508 0.0090641 0.0221552 0.0096399 0.0102182 0.0102200 0.0875024 0.0891216 0.0874806 0.0079014 0.0090570 0.0090570 0.0096456 0.0102530 0.0090570 0.0090838 0.0079245 0.0000000 0.0011096 0.0084763 0.0096549 0.0102182 0.0096571 0.0108353 0.0096428 0.0090457 0.0090794 0.0252425 0.0096411 
MK673581   0.0898845 0.0915413 0.0907335 0.0897775 0.0856152 0.0061876 0.0073545 0.0863058 0.0062044 0.0079114 0.0209358 0.0084855 0.0090607 0.0090624 0.0890621 0.0906903 0.0890399 0.0067559 0.0079053 0.0079053 0.0084905 0.0090911 0.0079053 0.0079286 0.0067757 0.0011096 0.0000000 0.0073279 0.0084979 0.0090607 0.0084998 0.0096713 0.0084880 0.0078961 0.0079248 0.0240069 0.0084865 
MK673582   0.0873222 0.0889591 0.0881601 0.0872198 0.0831066 0.0044757 0.0061835 0.0837924 0.0039144 0.0061822 0.0190940 0.0067513 0.0073215 0.0073229 0.0865089 0.0881187 0.0864874 0.0039106 0.0061774 0.0061774 0.0067552 0.0067592 0.0061774 0.0056144 0.0044783 0.0084763 0.0073279 0.0000000 0.0061780 0.0073215 0.0061794 0.0073316 0.0067532 0.0050367 0.0056117 0.0221365 0.0067520 
MK673583   0.0913721 0.0930349 0.0922242 0.0912629 0.0870809 0.0061792 0.0067434 0.0877725 0.0044722 0.0079006 0.0209184 0.0084738 0.0090474 0.0090491 0.0905459 0.0921801 0.0905233 0.0056095 0.0078945 0.0078945 0.0084788 0.0050418 0.0078945 0.0061738 0.0050360 0.0096549 0.0084979 0.0061780 0.0000000 0.0090474 0.0044696 0.0056089 0.0084763 0.0067435 0.0039067 0.0239865 0.0084748 
MK673584   0.0866103 0.0882447 0.0874467 0.0865089 0.0824032 0.0027876 0.0067572 0.0830886 0.0067565 0.0033453 0.0221441 0.0039067 0.0044696 0.0044704 0.0857982 0.0874057 0.0857770 0.0067500 0.0044773 0.0044773 0.0050488 0.0096412 0.0044773 0.0084798 0.0073272 0.0102182 0.0090607 0.0073215 0.0090474 0.0000000 0.0090494 0.0102213 0.0039078 0.0078892 0.0084757 0.0252296 0.0096309 
MK673585   0.0914160 0.0930801 0.0922688 0.0913067 0.0871215 0.0061805 0.0067449 0.0878136 0.0044731 0.0079023 0.0209238 0.0084757 0.0090494 0.0090511 0.0905892 0.0922246 0.0905665 0.0056107 0.0078962 0.0078962 0.0084807 0.0027871 0.0078962 0.0061752 0.0050373 0.0096571 0.0084998 0.0061794 0.0044696 0.0090494 0.0000000 0.0033489 0.0084782 0.0067450 0.0016662 0.0239930 0.0084767 
MK673588   0.0899449 0.0916032 0.0907947 0.0898378 0.0856716 0.0073330 0.0078999 0.0863628 0.0056130 0.0090669 0.0221769 0.0096429 0.0102213 0.0102232 0.0891218 0.0907514 0.0890995 0.0067592 0.0090598 0.0090598 0.0096496 0.0005541 0.0090598 0.0073266 0.0061810 0.0108353 0.0096713 0.0073316 0.0056089 0.0102213 0.0033489 0.0000000 0.0096457 0.0079000 0.0027876 0.0252675 0.0096440 
MK673589   0.0866484 0.0882839 0.0874854 0.0865469 0.0824388 0.0022285 0.0061894 0.0831246 0.0061888 0.0016676 0.0215449 0.0011097 0.0016673 0.0016676 0.0858359 0.0874443 0.0858147 0.0061828 0.0039147 0.0039147 0.0044842 0.0090679 0.0039147 0.0079085 0.0067585 0.0096428 0.0084880 0.0067532 0.0084763 0.0039078 0.0084782 0.0096457 0.0000000 0.0073201 0.0079046 0.0246241 0.0090581 
MK673591   0.0896163 0.0912655 0.0904610 0.0895102 0.0838136 0.0050378 0.0067494 0.0860522 0.0044761 0.0067480 0.0196836 0.0073180 0.0078892 0.0078906 0.0887964 0.0904181 0.0887743 0.0044719 0.0067428 0.0067428 0.0073223 0.0073267 0.0067428 0.0061794 0.0050409 0.0090457 0.0078961 0.0050367 0.0067435 0.0078892 0.0067450 0.0079000 0.0073201 0.0000000 0.0061764 0.0227318 0.0073189 
MK673592   0.0906297 0.0922894 0.0914801 0.0905217 0.0863487 0.0056128 0.0061763 0.0870399 0.0039098 0.0073302 0.0203206 0.0079023 0.0084757 0.0084773 0.0898043 0.0914364 0.0897818 0.0050443 0.0073245 0.0073245 0.0079070 0.0022275 0.0073245 0.0056079 0.0044731 0.0090794 0.0079248 0.0056117 0.0039067 0.0084757 0.0016662 0.0027876 0.0079046 0.0061764 0.0000000 0.0233824 0.0079033 
MN549409   0.0930846 0.0947585 0.0939430 0.0929725 0.0887594 0.0221409 0.0240102 0.0894544 0.0215488 0.0240039 0.0050323 0.0246161 0.0252296 0.0252345 0.0922527 0.0938977 0.0922295 0.0215266 0.0239837 0.0239837 0.0234038 0.0246483 0.0239837 0.0233946 0.0221552 0.0252425 0.0240069 0.0221365 0.0239865 0.0252296 0.0239930 0.0252675 0.0246241 0.0227318 0.0233824 0.0000000 0.0246192 
MW535746   0.0911918 0.0928512 0.0920421 0.0910831 0.0869099 0.0067533 0.0084824 0.0876003 0.0061877 0.0084805 0.0215407 0.0090545 0.0096309 0.0096326 0.0903674 0.0919982 0.0903448 0.0061817 0.0084739 0.0084739 0.0090608 0.0090663 0.0084739 0.0079071 0.0067573 0.0096411 0.0084865 0.0067520 0.0084748 0.0096309 0.0084767 0.0096440 0.0090581 0.0073189 0.0079033 0.0246192 0.0000000 
