37
AF212302   0.0000000 0.0011101 0.0005546 0.0022297 0.0191391 0.0841393 0.0865885 0.0073321 0.0882225 0.0858357 0.0922338 0.0866100 0.0873861 0.0874054 0.0005546 0.0005544 0.0005544 0.0856768 0.0849664 0.0849664 0.0853051 0.0907309 0.0848899 0.0890223 0.0873451 0.0883204 0.0898842 0.0873220 0.0913718 0.0866100 0.0914157 0.0899446 0.0866482 0.0896160 0.0906295 0.0930843 0.0911916 
AF376747   0.0011101 0.0000000 0.0005545 0.0033529 0.0203573 0.0857568 0.0882225 0.0084836 0.0898666 0.0874658 0.0939019 0.0882445 0.0890247 0.0890445 0.0016686 0.0016681 0.0016683 0.0873027 0.0865897 0.0865897 0.0869361 0.0923930 0.0865111 0.0906724 0.0889827 0.0899670 0.0915410 0.0889589 0.0930346 0.0882445 0.0930798 0.0916029 0.0882836 0.0912653 0.0922891 0.0947582 0.0928509 
AJ564621   0.0005546 0.0005545 0.0000000 0.0027912 0.0197505 0.0849664 0.0874247 0.0079082 0.0890644 0.0866697 0.0930889 0.0874465 0.0882249 0.0882445 0.0011105 0.0011101 0.0011102 0.0865086 0.0857967 0.0857967 0.0861394 0.0915825 0.0857191 0.0898667 0.0881834 0.0891636 0.0907333 0.0881599 0.0922239 0.0874465 0.0922685 0.0907944 0.0874852 0.0904608 0.0914798 0.0939427 0.0920419 
AJ627196   0.0022297 0.0033529 0.0027912 0.0000000 0.0203769 0.0840420 0.0864872 0.0073264 0.0881184 0.0857355 0.0921232 0.0865086 0.0872834 0.0873027 0.0027912 0.0027904 0.0016697 0.0855771 0.0848678 0.0848678 0.0852055 0.0906226 0.0847915 0.0889169 0.0872426 0.0882161 0.0897773 0.0872195 0.0912627 0.0865086 0.0913064 0.0898375 0.0865467 0.0895099 0.0905215 0.0929722 0.0910828 
AY858111   0.0191391 0.0203573 0.0197505 0.0203769 0.0000000 0.0799817 0.0823828 0.0185166 0.0839855 0.0816417 0.0879267 0.0824030 0.0831660 0.0831842 0.0197505 0.0197441 0.0185296 0.0814936 0.0807921 0.0807921 0.0811102 0.0864435 0.0791935 0.0847709 0.0831278 0.0840771 0.0856150 0.0831064 0.0870807 0.0824030 0.0871213 0.0856714 0.0824386 0.0838134 0.0863484 0.0887591 0.0869096 
AY988601   0.0841393 0.0857568 0.0849664 0.0840420 0.0799817 0.0000000 0.0039155 0.0806629 0.0039151 0.0016692 0.0190977 0.0022279 0.0027876 0.0027881 0.0833358 0.0849270 0.0833153 0.0039113 0.0016679 0.0016679 0.0022292 0.0067605 0.0016679 0.0056154 0.0044791 0.0073307 0.0061876 0.0044757 0.0061792 0.0027876 0.0061805 0.0073330 0.0022285 0.0050378 0.0056128 0.0221409 0.0067533 
FJ513078   0.0865885 0.0882225 0.0874247 0.0864872 0.0823828 0.0039155 0.0000000 0.0830681 0.0044760 0.0056191 0.0209386 0.0061876 0.0067572 0.0067585 0.0857768 0.0873837 0.0857555 0.0056144 0.0056146 0.0056146 0.0061912 0.0073266 0.0056146 0.0039121 0.0027859 0.0085071 0.0073545 0.0061835 0.0067434 0.0067572 0.0067449 0.0078999 0.0061894 0.0067494 0.0061763 0.0240102 0.0084824 
FN869553   0.0073321 0.0084836 0.0079082 0.0073264 0.0185166 0.0806629 0.0830681 0.0000000 0.0846734 0.0823262 0.0886194 0.0830884 0.0838524 0.0838707 0.0079082 0.0079059 0.0067577 0.0821766 0.0814748 0.0814748 0.0817957 0.0871356 0.0814028 0.0854599 0.0838138 0.0847658 0.0863056 0.0837922 0.0877723 0.0830884 0.0878133 0.0863625 0.0831244 0.0860520 0.0870397 0.0894541 0.0876000 
JN808857   0.0882225 0.0898666 0.0890644 0.0881184 0.0839855 0.0039151 0.0044760 0.0846734 0.0000000 0.0056185 0.0185108 0.0061870 0.0067565 0.0067577 0.0874054 0.0890223 0.0873837 0.0033511 0.0056143 0.0056143 0.0061906 0.0050457 0.0056143 0.0039117 0.0027856 0.0073508 0.0062044 0.0039144 0.0044721 0.0067565 0.0044731 0.0056130 0.0061887 0.0044761 0.0039098 0.0215488 0.0061877 
JN808864   0.0858357 0.0874658 0.0866697 0.0857355 0.0816417 0.0016692 0.0056191 0.0823262 0.0056185 0.0000000 0.0209333 0.0016671 0.0022251 0.0022255 0.0850259 0.0866292 0.0850048 0.0056131 0.0033510 0.0033510 0.0039188 0.0084897 0.0033510 0.0073337 0.0061870 0.0090641 0.0079114 0.0061822 0.0079006 0.0033453 0.0079023 0.0090669 0.0016676 0.0067480 0.0073302 0.0240039 0.0084805 
MH396625   0.0922338 0.0939019 0.0930889 0.0921232 0.0879267 0.0190977 0.0209386 0.0886194 0.0185108 0.0209333 0.0000000 0.0215381 0.0221441 0.0221483 0.0914050 0.0930441 0.0913821 0.0184920 0.0209160 0.0209160 0.0203390 0.0215657 0.0209160 0.0203311 0.0191098 0.0221552 0.0209358 0.0190940 0.0209184 0.0221441 0.0209238 0.0221768 0.0215449 0.0196836 0.0203206 0.0050323 0.0215407 
MK575060   0.0866100 0.0882445 0.0874465 0.0865086 0.0824030 0.0022279 0.0061876 0.0830884 0.0061870 0.0016671 0.0215381 0.0000000 0.0005542 0.0005543 0.0857980 0.0874054 0.0857768 0.0061810 0.0039136 0.0039136 0.0044828 0.0090652 0.0039136 0.0079061 0.0067565 0.0096399 0.0084855 0.0067512 0.0084738 0.0039067 0.0084757 0.0096429 0.0011097 0.0073180 0.0079023 0.0246161 0.0090545 
MK575063   0.0873861 0.0890247 0.0882249 0.0872834 0.0831660 0.0027876 0.0067572 0.0838524 0.0067565 0.0022251 0.0221441 0.0005542 0.0000000 0.0011094 0.0865719 0.0881834 0.0865504 0.0067500 0.0044773 0.0044773 0.0050488 0.0096412 0.0044773 0.0084798 0.0073272 0.0102182 0.0090607 0.0073215 0.0090474 0.0044696 0.0090494 0.0102213 0.0016673 0.0078892 0.0084757 0.0252296 0.0096309 
MK575069   0.0874054 0.0890445 0.0882445 0.0873027 0.0831842 0.0027881 0.0067585 0.0838707 0.0067577 0.0022255 0.0221483 0.0005543 0.0011094 0.0000000 0.0865910 0.0882029 0.0865695 0.0067512 0.0044782 0.0044782 0.0050498 0.0096429 0.0044782 0.0084814 0.0073286 0.0102200 0.0090624 0.0073229 0.0090491 0.0044704 0.0090511 0.0102232 0.0016676 0.0078906 0.0084773 0.0252345 0.0096326 
MK673559   0.0005546 0.0016686 0.0011105 0.0027912 0.0197505 0.0833358 0.0857768 0.0079082 0.0874054 0.0850259 0.0914050 0.0857980 0.0865719 0.0865910 0.0000000 0.0011101 0.0011102 0.0848690 0.0841600 0.0841600 0.0844948 0.0899044 0.0840845 0.0882029 0.0865314 0.0875021 0.0890619 0.0865086 0.0905457 0.0857980 0.0905890 0.0891215 0.0858357 0.0887962 0.0898041 0.0922525 0.0903671 
MK673560   0.0005544 0.0016681 0.0011101 0.0027904 0.0197441 0.0849270 0.0873837 0.0079059 0.0890223 0.0866292 0.0930441 0.0874054 0.0881834 0.0882029 0.0011101 0.0000000 0.0011099 0.0864683 0.0857568 0.0857568 0.0860991 0.0915387 0.0856793 0.0898241 0.0881419 0.0891214 0.0906900 0.0881184 0.0921798 0.0874054 0.0922243 0.0907511 0.0874441 0.0904178 0.0914361 0.0938974 0.0919979 
MK673562   0.0005544 0.0016683 0.0011102 0.0016697 0.0185296 0.0833153 0.0857555 0.0067577 0.0873837 0.0850048 0.0913821 0.0857768 0.0865504 0.0865695 0.0011102 0.0011099 0.0000000 0.0848481 0.0841393 0.0841393 0.0844739 0.0898819 0.0840638 0.0881809 0.0865100 0.0874804 0.0890396 0.0864872 0.0905230 0.0857768 0.0905662 0.0890992 0.0858144 0.0887740 0.0897816 0.0922292 0.0903445 
MK673565   0.0856768 0.0873027 0.0865086 0.0855771 0.0814936 0.0039113 0.0056144 0.0821766 0.0033511 0.0056131 0.0184920 0.0061810 0.0067500 0.0067512 0.0848690 0.0864683 0.0848481 0.0000000 0.0056089 0.0056089 0.0061846 0.0061883 0.0056089 0.0050460 0.0039136 0.0079014 0.0067559 0.0039106 0.0056095 0.0067500 0.0056107 0.0067592 0.0061828 0.0044719 0.0050443 0.0215266 0.0061817 
MK673566   0.0849664 0.0865897 0.0857967 0.0848678 0.0807921 0.0016679 0.0056146 0.0814748 0.0056143 0.0033510 0.0209160 0.0039136 0.0044773 0.0044782 0.0841600 0.0857568 0.0841393 0.0056089 0.0000000 0.0011099 0.0039158 0.0084831 0.0033485 0.0073280 0.0061822 0.0090570 0.0079053 0.0061774 0.0078945 0.0044773 0.0078962 0.0090598 0.0039147 0.0067428 0.0073245 0.0239837 0.0084739 
MK673567   0.0849664 0.0865897 0.0857967 0.0848678 0.0807921 0.0016679 0.0056146 0.0814748 0.0056143 0.0033510 0.0209160 0.0039136 0.0044773 0.0044782 0.0841600 0.0857568 0.0841393 0.0056089 0.0011099 0.0000000 0.0039158 0.0084831 0.0033485 0.0073280 0.0061822 0.0090570 0.0079053 0.0061774 0.0078945 0.0044773 0.0078962 0.0090598 0.0039147 0.0067428 0.0073245 0.0239837 0.0084739 
MK673568   0.0853051 0.0869361 0.0861394 0.0852055 0.0811102 0.0022292 0.0061912 0.0817957 0.0061906 0.0039188 0.0203390 0.0044828 0.0050488 0.0050498 0.0844948 0.0860991 0.0844739 0.0061846 0.0039158 0.0039158 0.0000000 0.0090707 0.0039158 0.0079108 0.0067605 0.0096456 0.0084905 0.0067552 0.0084788 0.0050488 0.0084807 0.0096496 0.0044842 0.0073223 0.0079070 0.0234038 0.0090608 
MK673570   0.0907309 0.0923930 0.0915825 0.0906226 0.0864435 0.0067605 0.0073266 0.0871356 0.0050457 0.0084897 0.0215657 0.0090652 0.0096412 0.0096429 0.0899044 0.0915387 0.0898819 0.0061883 0.0084831 0.0084831 0.0090707 0.0000000 0.0084831 0.0067547 0.0056122 0.0102530 0.0090911 0.0067592 0.0050418 0.0096412 0.0027871 0.0005541 0.0090679 0.0073267 0.0022275 0.0246482 0.0090663 
MK673571   0.0848899 0.0865111 0.0857191 0.0847915 0.0791935 0.0016679 0.0056146 0.0814028 0.0056143 0.0033510 0.0209160 0.0039136 0.0044773 0.0044782 0.0840845 0.0856793 0.0840638 0.0056089 0.0033485 0.0033485 0.0039158 0.0084831 0.0000000 0.0073280 0.0061822 0.0090570 0.0079053 0.0061774 0.0078945 0.0044773 0.0078962 0.0090598 0.0039147 0.0067428 0.0073245 0.0239837 0.0084739 
MK673576   0.0890223 0.0906724 0.0898667 0.0889169 0.0847709 0.0056154 0.0039121 0.0854599 0.0039117 0.0073337 0.0203311 0.0079061 0.0084798 0.0084814 0.0882029 0.0898241 0.0881809 0.0050460 0.0073280 0.0073280 0.0079108 0.0067547 0.0073280 0.0000000 0.0022262 0.0090838 0.0079286 0.0056144 0.0061738 0.0084798 0.0061752 0.0073266 0.0079085 0.0061794 0.0056079 0.0233946 0.0079071 
MK673578   0.0873451 0.0889827 0.0881834 0.0872426 0.0831278 0.0044791 0.0027859 0.0838138 0.0027856 0.0061870 0.0191098 0.0067565 0.0073272 0.0073286 0.0865314 0.0881419 0.0865100 0.0039136 0.0061822 0.0061822 0.0067605 0.0056122 0.0061822 0.0022262 0.0000000 0.0079245 0.0067757 0.0044783 0.0050360 0.0073272 0.0050373 0.0061810 0.0067585 0.0050409 0.0044731 0.0221552 0.0067573 
MK673579   0.0883204 0.0899670 0.0891636 0.0882161 0.0840771 0.0073307 0.0085071 0.0847658 0.0073508 0.0090641 0.0221552 0.0096399 0.0102182 0.0102200 0.0875021 0.0891214 0.0874804 0.0079014 0.0090570 0.0090570 0.0096456 0.0102530 0.0090570 0.0090838 0.0079245 0.0000000 0.0011096 0.0084763 0.0096549 0.0102182 0.0096571 0.0108353 0.0096427 0.0090457 0.0090794 0.0252425 0.0096411 
MK673581   0.0898842 0.0915410 0.0907333 0.0897773 0.0856150 0.0061876 0.0073545 0.0863056 0.0062044 0.0079114 0.0209358 0.0084855 0.0090607 0.0090624 0.0890619 0.0906900 0.0890396 0.0067559 0.0079053 0.0079053 0.0084905 0.0090911 0.0079053 0.0079286 0.0067757 0.0011096 0.0000000 0.0073279 0.0084979 0.0090607 0.0084998 0.0096713 0.0084880 0.0078961 0.0079248 0.0240068 0.0084865 
MK673582   0.0873220 0.0889589 0.0881599 0.0872195 0.0831064 0.0044757 0.0061835 0.0837922 0.0039144 0.0061822 0.0190940 0.0067512 0.0073215 0.0073229 0.0865086 0.0881184 0.0864872 0.0039106 0.0061774 0.0061774 0.0067552 0.0067592 0.0061774 0.0056144 0.0044783 0.0084763 0.0073279 0.0000000 0.0061780 0.0073215 0.0061794 0.0073316 0.0067532 0.0050367 0.0056117 0.0221365 0.0067520 
MK673583   0.0913718 0.0930346 0.0922239 0.0912627 0.0870807 0.0061792 0.0067434 0.0877723 0.0044721 0.0079006 0.0209184 0.0084738 0.0090474 0.0090491 0.0905457 0.0921798 0.0905230 0.0056095 0.0078945 0.0078945 0.0084788 0.0050418 0.0078945 0.0061738 0.0050360 0.0096549 0.0084979 0.0061780 0.0000000 0.0090474 0.0044696 0.0056089 0.0084763 0.0067435 0.0039067 0.0239865 0.0084748 
MK673584   0.0866100 0.0882445 0.0874465 0.0865086 0.0824030 0.0027876 0.0067572 0.0830884 0.0067565 0.0033453 0.0221441 0.0039067 0.0044696 0.0044704 0.0857980 0.0874054 0.0857768 0.0067500 0.0044773 0.0044773 0.0050488 0.0096412 0.0044773 0.0084798 0.0073272 0.0102182 0.0090607 0.0073215 0.0090474 0.0000000 0.0090494 0.0102213 0.0039078 0.0078892 0.0084757 0.0252296 0.0096309 
MK673585   0.0914157 0.0930798 0.0922685 0.0913064 0.0871213 0.0061805 0.0067449 0.0878133 0.0044731 0.0079023 0.0209238 0.0084757 0.0090494 0.0090511 0.0905890 0.0922243 0.0905662 0.0056107 0.0078962 0.0078962 0.0084807 0.0027871 0.0078962 0.0061752 0.0050373 0.0096571 0.0084998 0.0061794 0.0044696 0.0090494 0.0000000 0.0033489 0.0084782 0.0067450 0.0016662 0.0239930 0.0084767 
MK673588   0.0899446 0.0916029 0.0907944 0.0898375 0.0856714 0.0073330 0.0078999 0.0863625 0.0056130 0.0090669 0.0221768 0.0096429 0.0102213 0.0102232 0.0891215 0.0907511 0.0890992 0.0067592 0.0090598 0.0090598 0.0096496 0.0005541 0.0090598 0.0073266 0.0061810 0.0108353 0.0096713 0.0073316 0.0056089 0.0102213 0.0033489 0.0000000 0.0096457 0.0079000 0.0027876 0.0252675 0.0096440 
MK673589   0.0866482 0.0882836 0.0874852 0.0865467 0.0824386 0.0022285 0.0061894 0.0831244 0.0061887 0.0016676 0.0215449 0.0011097 0.0016673 0.0016676 0.0858357 0.0874441 0.0858144 0.0061828 0.0039147 0.0039147 0.0044842 0.0090679 0.0039147 0.0079085 0.0067585 0.0096427 0.0084880 0.0067532 0.0084763 0.0039078 0.0084782 0.0096457 0.0000000 0.0073201 0.0079046 0.0246241 0.0090581 
MK673591   0.0896160 0.0912653 0.0904608 0.0895099 0.0838134 0.0050378 0.0067494 0.0860520 0.0044761 0.0067480 0.0196836 0.0073180 0.0078892 0.0078906 0.0887962 0.0904178 0.0887740 0.0044719 0.0067428 0.0067428 0.0073223 0.0073267 0.0067428 0.0061794 0.0050409 0.0090457 0.0078961 0.0050367 0.0067435 0.0078892 0.0067450 0.0079000 0.0073201 0.0000000 0.0061764 0.0227318 0.0073189 
MK673592   0.0906295 0.0922891 0.0914798 0.0905215 0.0863484 0.0056128 0.0061763 0.0870397 0.0039098 0.0073302 0.0203206 0.0079023 0.0084757 0.0084773 0.0898041 0.0914361 0.0897816 0.0050443 0.0073245 0.0073245 0.0079070 0.0022275 0.0073245 0.0056079 0.0044731 0.0090794 0.0079248 0.0056117 0.0039067 0.0084757 0.0016662 0.0027876 0.0079046 0.0061764 0.0000000 0.0233824 0.0079032 
MN549409   0.0930843 0.0947582 0.0939427 0.0929722 0.0887591 0.0221409 0.0240102 0.0894541 0.0215488 0.0240039 0.0050323 0.0246161 0.0252296 0.0252345 0.0922525 0.0938974 0.0922292 0.0215266 0.0239837 0.0239837 0.0234038 0.0246482 0.0239837 0.0233946 0.0221552 0.0252425 0.0240068 0.0221365 0.0239865 0.0252296 0.0239930 0.0252675 0.0246241 0.0227318 0.0233824 0.0000000 0.0246192 
MW535746   0.0911916 0.0928509 0.0920419 0.0910828 0.0869096 0.0067533 0.0084824 0.0876000 0.0061877 0.0084805 0.0215407 0.0090545 0.0096309 0.0096326 0.0903671 0.0919979 0.0903445 0.0061817 0.0084739 0.0084739 0.0090608 0.0090663 0.0084739 0.0079071 0.0067573 0.0096411 0.0084865 0.0067520 0.0084748 0.0096309 0.0084767 0.0096440 0.0090581 0.0073189 0.0079032 0.0246192 0.0000000 
