44
AF212302   0.0000000 0.0004708 0.0023624 0.0933024 0.0971711 0.0226793 0.0982916 0.0989408 0.1000889 0.1007191 0.1020857 0.1027343 0.1027343 0.1033840 0.1027343 0.0004712 0.0966127 0.0983292 0.0970655 0.0933024 0.0976947 0.0945368 0.0939191 0.0966220 0.0945437 0.0951798 0.0976854 0.0995875 0.1009301 0.0964505 0.1015589 0.0976782 0.0995661 0.0995943 0.0983187 0.0270033 0.0999733 0.1013918 0.1007529 0.0992091 0.0992265 0.0985754 0.1006921 0.0957995 
AF376747   0.0004708 0.0000000 0.0028369 0.0939260 0.0978016 0.0231903 0.0989231 0.0995734 0.1007266 0.1013578 0.1027232 0.1033728 0.1033728 0.1040236 0.1033728 0.0009430 0.0972428 0.0989610 0.0976952 0.0939260 0.0983254 0.0951623 0.0945437 0.0972522 0.0951693 0.0958065 0.0983160 0.1002213 0.1015664 0.0970792 0.1021963 0.0983088 0.1001997 0.1002281 0.0989504 0.0275153 0.1006101 0.1020318 0.1013918 0.0998439 0.0998614 0.0992091 0.1013306 0.0964271 
AJ627196   0.0023624 0.0028369 0.0000000 0.0940141 0.0978944 0.0232081 0.0990170 0.0996682 0.1008232 0.1014552 0.1028217 0.1034722 0.1034722 0.1041238 0.1034722 0.0028392 0.0973350 0.0990550 0.0977878 0.0940141 0.0984187 0.0952519 0.0946325 0.0973444 0.0952588 0.0958968 0.0984093 0.1003169 0.1016637 0.0971711 0.1022943 0.0984020 0.1002952 0.1003237 0.0990444 0.0275365 0.1007065 0.1021300 0.1014893 0.0999392 0.0999568 0.0993037 0.1014280 0.0965181 
AY988601   0.0933024 0.0939260 0.0940141 0.0000000 0.0052171 0.1042097 0.0066484 0.0042582 0.0184459 0.0189444 0.0076087 0.0080909 0.0080909 0.0085738 0.0080909 0.0940226 0.0056993 0.0037830 0.0028331 0.0018858 0.0071307 0.0018857 0.0014133 0.0071399 0.0047346 0.0061698 0.0061702 0.0076112 0.0056947 0.0061716 0.0061735 0.0071297 0.0047344 0.0066503 0.0076112 0.0845484 0.0184305 0.0194519 0.0189512 0.0179132 0.0179159 0.0174160 0.0189416 0.0037825 
FJ513078   0.0971711 0.0978016 0.0978944 0.0052171 0.0000000 0.1089070 0.0052163 0.0095496 0.0229910 0.0234965 0.0129563 0.0134473 0.0134473 0.0139391 0.0134473 0.0979033 0.0110230 0.0090671 0.0081005 0.0071363 0.0056975 0.0071359 0.0066556 0.0037859 0.0061751 0.0076171 0.0047396 0.0061764 0.0110139 0.0047407 0.0115007 0.0056966 0.0100339 0.0071372 0.0061764 0.0901609 0.0229715 0.0240130 0.0235050 0.0224420 0.0224454 0.0219375 0.0234930 0.0071357 
FN869553   0.0226793 0.0231903 0.0232081 0.1042097 0.1089070 0.0000000 0.1094095 0.1100890 0.1126821 0.1133411 0.1133670 0.1140450 0.1140450 0.1147242 0.1140450 0.0232100 0.1076825 0.1094529 0.1081346 0.1042097 0.1087905 0.1054950 0.1048519 0.1083436 0.1055030 0.1061675 0.1087799 0.1107649 0.1121743 0.1074936 0.1128296 0.1087717 0.1107404 0.1107726 0.1094407 0.0335804 0.1125462 0.1140496 0.1133806 0.1117298 0.1117501 0.1110665 0.1133098 0.1068127 
JN808857   0.0982916 0.0989231 0.0990170 0.0066484 0.0052163 0.1094095 0.0000000 0.0100237 0.0234715 0.0239771 0.0134315 0.0139228 0.0139228 0.0144148 0.0139228 0.0990260 0.0114983 0.0095411 0.0085741 0.0076095 0.0042590 0.0076090 0.0071286 0.0042644 0.0047343 0.0061693 0.0033074 0.0047353 0.0114889 0.0033081 0.0119758 0.0042583 0.0105082 0.0056917 0.0047353 0.0918981 0.0234516 0.0244939 0.0239859 0.0229215 0.0229249 0.0224168 0.0239735 0.0066484 
JN808864   0.0989408 0.0995734 0.0996682 0.0042582 0.0095496 0.1100890 0.0100237 0.0000000 0.0229675 0.0234725 0.0033062 0.0037815 0.0037815 0.0042576 0.0037815 0.0996773 0.0090703 0.0071304 0.0061704 0.0052120 0.0105121 0.0052117 0.0047348 0.0105257 0.0080914 0.0095407 0.0095412 0.0100259 0.0052151 0.0095434 0.0056940 0.0105105 0.0004703 0.0100266 0.0109974 0.0888170 0.0229481 0.0229740 0.0224681 0.0224192 0.0224225 0.0219153 0.0234690 0.0071293 
MH396625   0.1000889 0.1007266 0.1008232 0.0184459 0.0229910 0.1126821 0.0234715 0.0229675 0.0000000 0.0004704 0.0265234 0.0270375 0.0270375 0.0275525 0.0270375 0.1008324 0.0219550 0.0214565 0.0214565 0.0204484 0.0239864 0.0204471 0.0199464 0.0235125 0.0214533 0.0229686 0.0229700 0.0244928 0.0234898 0.0229754 0.0239959 0.0239827 0.0234725 0.0234786 0.0234771 0.0936303 0.0037915 0.0047515 0.0052301 0.0042643 0.0033123 0.0047413 0.0061883 0.0214550 
MH523642   0.1007191 0.1013578 0.1014552 0.0189444 0.0234965 0.1133411 0.0239771 0.0234725 0.0004704 0.0000000 0.0270334 0.0275483 0.0275483 0.0280641 0.0275483 0.1014644 0.0224585 0.0219594 0.0219593 0.0209498 0.0244929 0.0209485 0.0204471 0.0240190 0.0219561 0.0234735 0.0234750 0.0250000 0.0239959 0.0234805 0.0245026 0.0244891 0.0239781 0.0239843 0.0239828 0.0942497 0.0042683 0.0052301 0.0057094 0.0047413 0.0037880 0.0052189 0.0066688 0.0219579 
MK575060   0.1020857 0.1027232 0.1028217 0.0076087 0.0129563 0.1133670 0.0134315 0.0033062 0.0265234 0.0270334 0.0000000 0.0004702 0.0004702 0.0009412 0.0004702 0.1028311 0.0124740 0.0105099 0.0095400 0.0085726 0.0139260 0.0085721 0.0080903 0.0139443 0.0114800 0.0129441 0.0129449 0.0134346 0.0085776 0.0129478 0.0090603 0.0139239 0.0037810 0.0134355 0.0144160 0.0931233 0.0265007 0.0265308 0.0260197 0.0259625 0.0259664 0.0254533 0.0270294 0.0105083 
MK575061   0.1027343 0.1033728 0.1034722 0.0080909 0.0134473 0.1140450 0.0139228 0.0037815 0.0270375 0.0275483 0.0004702 0.0000000 0.0009412 0.0014129 0.0009412 0.1034816 0.0129645 0.0109966 0.0100253 0.0090563 0.0144181 0.0090557 0.0085733 0.0144371 0.0119682 0.0134346 0.0134354 0.0139259 0.0090616 0.0134385 0.0095450 0.0144160 0.0042570 0.0139268 0.0149089 0.0937553 0.0270144 0.0270451 0.0265331 0.0264748 0.0264788 0.0259647 0.0275442 0.0109950 
MK575062   0.1027343 0.1033728 0.1034722 0.0080909 0.0134473 0.1140450 0.0139228 0.0037815 0.0270375 0.0275483 0.0004702 0.0009412 0.0000000 0.0014129 0.0009412 0.1034816 0.0129645 0.0109966 0.0100253 0.0090563 0.0144181 0.0090557 0.0085733 0.0144371 0.0119682 0.0134346 0.0134354 0.0139259 0.0090616 0.0134385 0.0095450 0.0144160 0.0042570 0.0139268 0.0149089 0.0937553 0.0270144 0.0270451 0.0265331 0.0264748 0.0264788 0.0259647 0.0275442 0.0109950 
MK575067   0.1033840 0.1040236 0.1041238 0.0085738 0.0139391 0.1147242 0.0144148 0.0042576 0.0275525 0.0280641 0.0009412 0.0014129 0.0014129 0.0000000 0.0014129 0.1041333 0.0134558 0.0114842 0.0105114 0.0095408 0.0149111 0.0095402 0.0090570 0.0149307 0.0124572 0.0139259 0.0139268 0.0144181 0.0095464 0.0139300 0.0100305 0.0149089 0.0047338 0.0144190 0.0154026 0.0943886 0.0275289 0.0275603 0.0270474 0.0269879 0.0269920 0.0264770 0.0280599 0.0114825 
MK575068   0.1027343 0.1033728 0.1034722 0.0080909 0.0134473 0.1140450 0.0139228 0.0037815 0.0270375 0.0275483 0.0004702 0.0009412 0.0009412 0.0014129 0.0000000 0.1034816 0.0129645 0.0109966 0.0100253 0.0090563 0.0144181 0.0090557 0.0085733 0.0144371 0.0119682 0.0134346 0.0134354 0.0139259 0.0090616 0.0134385 0.0095450 0.0144160 0.0042570 0.0139268 0.0149089 0.0937553 0.0270144 0.0270451 0.0265331 0.0264748 0.0264788 0.0259647 0.0275442 0.0109950 
MK673559   0.0004712 0.0009430 0.0028392 0.0940226 0.0979033 0.0232100 0.0990260 0.0996773 0.1008324 0.1014644 0.1028311 0.1034816 0.1034816 0.1041333 0.1034816 0.0000000 0.0973439 0.0990640 0.0977967 0.0940226 0.0984276 0.0952605 0.0946411 0.0973533 0.0952674 0.0959055 0.0984182 0.1003260 0.1016730 0.0971799 0.1023036 0.0984110 0.1003043 0.1003328 0.0990534 0.0275388 0.1007157 0.1021394 0.1014986 0.0999483 0.0999659 0.0993128 0.1014372 0.0965269 
MK673565   0.0966127 0.0972428 0.0973350 0.0056993 0.0110230 0.1076825 0.0114983 0.0090703 0.0219550 0.0224585 0.0124740 0.0129645 0.0129645 0.0134558 0.0129645 0.0973439 0.0000000 0.0085882 0.0076225 0.0066592 0.0119901 0.0066588 0.0061790 0.0120058 0.0095546 0.0110126 0.0110133 0.0124782 0.0105330 0.0110158 0.0110193 0.0119883 0.0095542 0.0115017 0.0124782 0.0877633 0.0224785 0.0235184 0.0230109 0.0219499 0.0219532 0.0214459 0.0229991 0.0085869 
MK673566   0.0983292 0.0989610 0.0990550 0.0037830 0.0090671 0.1094529 0.0095411 0.0071304 0.0214565 0.0219594 0.0105099 0.0109966 0.0109966 0.0114842 0.0109966 0.0990640 0.0085882 0.0000000 0.0018864 0.0047357 0.0100287 0.0047354 0.0042590 0.0100418 0.0076113 0.0090587 0.0090592 0.0105134 0.0085812 0.0090613 0.0090641 0.0100272 0.0076109 0.0095439 0.0105134 0.0894538 0.0214384 0.0224725 0.0219673 0.0209134 0.0209165 0.0204116 0.0219561 0.0066504 
MK673567   0.0970655 0.0976952 0.0977878 0.0028331 0.0081005 0.1081346 0.0085741 0.0061704 0.0214565 0.0219593 0.0095400 0.0100253 0.0100253 0.0105114 0.0100253 0.0977967 0.0076225 0.0018864 0.0000000 0.0037830 0.0090600 0.0037828 0.0033077 0.0090717 0.0066499 0.0080929 0.0080934 0.0095432 0.0076163 0.0080953 0.0080978 0.0090586 0.0066496 0.0085766 0.0095433 0.0882209 0.0214384 0.0224725 0.0219673 0.0209133 0.0209164 0.0204116 0.0219560 0.0056918 
MK673568   0.0933024 0.0939260 0.0940141 0.0018858 0.0071363 0.1042097 0.0076095 0.0052120 0.0204484 0.0209498 0.0085726 0.0090563 0.0090563 0.0095408 0.0090563 0.0940226 0.0066592 0.0047357 0.0037830 0.0000000 0.0080936 0.0028327 0.0023590 0.0081040 0.0056910 0.0071297 0.0071301 0.0085755 0.0066538 0.0071317 0.0071339 0.0080924 0.0056907 0.0076117 0.0085755 0.0845484 0.0204312 0.0214610 0.0209574 0.0199088 0.0199118 0.0194086 0.0209467 0.0047350 
MK673570   0.0976947 0.0983254 0.0984187 0.0071307 0.0056975 0.1087905 0.0042590 0.0105121 0.0239864 0.0244929 0.0139260 0.0144181 0.0144181 0.0149111 0.0144181 0.0984276 0.0119901 0.0100287 0.0090600 0.0080936 0.0000000 0.0080931 0.0076118 0.0047432 0.0052131 0.0066508 0.0037838 0.0052142 0.0119802 0.0018868 0.0124680 0.0018864 0.0109974 0.0061725 0.0033084 0.0913098 0.0239660 0.0239931 0.0234856 0.0234343 0.0234378 0.0229288 0.0234736 0.0071307 
MK673571   0.0945368 0.0951623 0.0952519 0.0018857 0.0071359 0.1054950 0.0076090 0.0052117 0.0204471 0.0209485 0.0085721 0.0090557 0.0090557 0.0095402 0.0090557 0.0952605 0.0066588 0.0047354 0.0037828 0.0028327 0.0080931 0.0000000 0.0004704 0.0081035 0.0056906 0.0071292 0.0071297 0.0085749 0.0066534 0.0071313 0.0071335 0.0080919 0.0056904 0.0076112 0.0085750 0.0857549 0.0204300 0.0214597 0.0209560 0.0199076 0.0199105 0.0194074 0.0209453 0.0047347 
MK673572   0.0939191 0.0945437 0.0946325 0.0014133 0.0066556 0.1048519 0.0071286 0.0047348 0.0199464 0.0204471 0.0080903 0.0085733 0.0085733 0.0090570 0.0085733 0.0946411 0.0061790 0.0042590 0.0033077 0.0023590 0.0076118 0.0004704 0.0000000 0.0076217 0.0052120 0.0066494 0.0066498 0.0080930 0.0061739 0.0066513 0.0066534 0.0076107 0.0052117 0.0071307 0.0080931 0.0851507 0.0199297 0.0209574 0.0204545 0.0194086 0.0194115 0.0189091 0.0204440 0.0042584 
MK673576   0.0966220 0.0972522 0.0973444 0.0071399 0.0037859 0.1083436 0.0042644 0.0105257 0.0235125 0.0240190 0.0139443 0.0144371 0.0144371 0.0149307 0.0144371 0.0973533 0.0120058 0.0100418 0.0090717 0.0081040 0.0047432 0.0081035 0.0076217 0.0000000 0.0052198 0.0066594 0.0037886 0.0052209 0.0119959 0.0037895 0.0124843 0.0047425 0.0110117 0.0061804 0.0052209 0.0920912 0.0234925 0.0245368 0.0240278 0.0229613 0.0229648 0.0224558 0.0240154 0.0071399 
MK673579   0.0945437 0.0951693 0.0952588 0.0047346 0.0061751 0.1055030 0.0047343 0.0080914 0.0214533 0.0219561 0.0114800 0.0119682 0.0119682 0.0124572 0.0119682 0.0952674 0.0095546 0.0076113 0.0066499 0.0056910 0.0052131 0.0056906 0.0052120 0.0052198 0.0000000 0.0014134 0.0042586 0.0056918 0.0095468 0.0042596 0.0100310 0.0052123 0.0085732 0.0056922 0.0056918 0.0894389 0.0214352 0.0224691 0.0219640 0.0209102 0.0209133 0.0204085 0.0219528 0.0056910 
MK673581   0.0951798 0.0958065 0.0958968 0.0061698 0.0076171 0.1061675 0.0061693 0.0095407 0.0229686 0.0234735 0.0129441 0.0134346 0.0134346 0.0139259 0.0134346 0.0959055 0.0110126 0.0090587 0.0080929 0.0071297 0.0066508 0.0071292 0.0066494 0.0066594 0.0014134 0.0000000 0.0056917 0.0061707 0.0110036 0.0056930 0.0114898 0.0066498 0.0100245 0.0071311 0.0071307 0.0900651 0.0229491 0.0239895 0.0234821 0.0224202 0.0224235 0.0219162 0.0234700 0.0071297 
MK673582   0.0976854 0.0983160 0.0984093 0.0061702 0.0047396 0.1087799 0.0033074 0.0095412 0.0229700 0.0234750 0.0129449 0.0134354 0.0134354 0.0139268 0.0134354 0.0984182 0.0110133 0.0090592 0.0080934 0.0071301 0.0037838 0.0071297 0.0066498 0.0037886 0.0042586 0.0056917 0.0000000 0.0042595 0.0110043 0.0028341 0.0114906 0.0037832 0.0100251 0.0052137 0.0042596 0.0913011 0.0229506 0.0239910 0.0234836 0.0224216 0.0224250 0.0219176 0.0234715 0.0061702 
MK673583   0.0995875 0.1002213 0.1003169 0.0076112 0.0061764 0.1107649 0.0047353 0.0100259 0.0244928 0.0250000 0.0134346 0.0139259 0.0139259 0.0144181 0.0139259 0.1003260 0.0124782 0.0105134 0.0095432 0.0085755 0.0052142 0.0085749 0.0080930 0.0052209 0.0056918 0.0061707 0.0042595 0.0000000 0.0124679 0.0042605 0.0129563 0.0042593 0.0105105 0.0066517 0.0056930 0.0931691 0.0244720 0.0244997 0.0239915 0.0239390 0.0239426 0.0234328 0.0249962 0.0076112 
MK673584   0.1009301 0.1015664 0.1016637 0.0056947 0.0110139 0.1121743 0.0114889 0.0052151 0.0234898 0.0239959 0.0085776 0.0090616 0.0090616 0.0095464 0.0090616 0.1016730 0.0105330 0.0085812 0.0076163 0.0066538 0.0119802 0.0066534 0.0061739 0.0119959 0.0095468 0.0110036 0.0110043 0.0124679 0.0000000 0.0110067 0.0014128 0.0119784 0.0056940 0.0114922 0.0124679 0.0895050 0.0234699 0.0245131 0.0240046 0.0239521 0.0229427 0.0234455 0.0250099 0.0085799 
MK673585   0.0964505 0.0970792 0.0971711 0.0061716 0.0047407 0.1074936 0.0033081 0.0095434 0.0229754 0.0234805 0.0129478 0.0134385 0.0134385 0.0139300 0.0134385 0.0971799 0.0110158 0.0090613 0.0080953 0.0071317 0.0018868 0.0071313 0.0066513 0.0037895 0.0042596 0.0056930 0.0028341 0.0042605 0.0110067 0.0000000 0.0114932 0.0018865 0.0100274 0.0052149 0.0023600 0.0900867 0.0229560 0.0239966 0.0234891 0.0224269 0.0224302 0.0219228 0.0234770 0.0061716 
MK673587   0.1015589 0.1021963 0.1022943 0.0061735 0.0115007 0.1128296 0.0119758 0.0056940 0.0239959 0.0245026 0.0090603 0.0095450 0.0095450 0.0100305 0.0095450 0.1023036 0.0110193 0.0090641 0.0080978 0.0071339 0.0124680 0.0071335 0.0066534 0.0124843 0.0100310 0.0114898 0.0114906 0.0129563 0.0014128 0.0114932 0.0000000 0.0124661 0.0061727 0.0119793 0.0129563 0.0901154 0.0239755 0.0250208 0.0245116 0.0244578 0.0234471 0.0239505 0.0255180 0.0090627 
MK673588   0.0976782 0.0983088 0.0984020 0.0071297 0.0056966 0.1087717 0.0042583 0.0105105 0.0239827 0.0244891 0.0139239 0.0144160 0.0144160 0.0149089 0.0144160 0.0984110 0.0119883 0.0100272 0.0090586 0.0080924 0.0018864 0.0080919 0.0076107 0.0047425 0.0052123 0.0066498 0.0037832 0.0042593 0.0119784 0.0018865 0.0124661 0.0000000 0.0109958 0.0061715 0.0033079 0.0912945 0.0239624 0.0250070 0.0244981 0.0234308 0.0234343 0.0229253 0.0244855 0.0071297 
MK673589   0.0995661 0.1001997 0.1002952 0.0047344 0.0100339 0.1107404 0.0105082 0.0004703 0.0234725 0.0239781 0.0037810 0.0042570 0.0042570 0.0047338 0.0042570 0.1003043 0.0095542 0.0076109 0.0066496 0.0056907 0.0109974 0.0056904 0.0052117 0.0110117 0.0085732 0.0100245 0.0100251 0.0105105 0.0056940 0.0100274 0.0061727 0.0109958 0.0000000 0.0105112 0.0114833 0.0894259 0.0234526 0.0234791 0.0229725 0.0229224 0.0229258 0.0224178 0.0239745 0.0076098 
MK673591   0.0995943 0.1002281 0.1003237 0.0066503 0.0071372 0.1107726 0.0056917 0.0100266 0.0234786 0.0239843 0.0134355 0.0139268 0.0139268 0.0144190 0.0139268 0.1003328 0.0115017 0.0095439 0.0085766 0.0076117 0.0061725 0.0076112 0.0071307 0.0061804 0.0056922 0.0071311 0.0052137 0.0066517 0.0114922 0.0052149 0.0119793 0.0061715 0.0105112 0.0000000 0.0066518 0.0919298 0.0234587 0.0245013 0.0239931 0.0229283 0.0229318 0.0224235 0.0239807 0.0076117 
MK673592   0.0983187 0.0989504 0.0990444 0.0076112 0.0061764 0.1094407 0.0047353 0.0109974 0.0234771 0.0239828 0.0144160 0.0149089 0.0149089 0.0154026 0.0149089 0.0990534 0.0124782 0.0105134 0.0095433 0.0085755 0.0033084 0.0085750 0.0080931 0.0052209 0.0056918 0.0071307 0.0042596 0.0056930 0.0124679 0.0023600 0.0129563 0.0033079 0.0114833 0.0066518 0.0000000 0.0919231 0.0234572 0.0244997 0.0239915 0.0229269 0.0229303 0.0224221 0.0239792 0.0076112 
MK801755   0.0270033 0.0275153 0.0275365 0.0845484 0.0901609 0.0335804 0.0918981 0.0888170 0.0936303 0.0942497 0.0931233 0.0937553 0.0937553 0.0943886 0.0937553 0.0275388 0.0877633 0.0894538 0.0882209 0.0845484 0.0913098 0.0857549 0.0851507 0.0920912 0.0894389 0.0900651 0.0913011 0.0931691 0.0895050 0.0900867 0.0901154 0.0912945 0.0894259 0.0919298 0.0919231 0.0000000 0.0935240 0.0949084 0.0942809 0.0927814 0.0927975 0.0921590 0.0942248 0.0882153 
MN549402   0.0999733 0.1006101 0.1007065 0.0184305 0.0229715 0.1125462 0.0234516 0.0229481 0.0037915 0.0042683 0.0265007 0.0270144 0.0270144 0.0275289 0.0270144 0.1007157 0.0224785 0.0214384 0.0214384 0.0204312 0.0239660 0.0204300 0.0199297 0.0234925 0.0214352 0.0229491 0.0229506 0.0244720 0.0234699 0.0229560 0.0239755 0.0239624 0.0234526 0.0234587 0.0234572 0.0935240 0.0000000 0.0047476 0.0052259 0.0014141 0.0004708 0.0018868 0.0033144 0.0214370 
MN549403   0.1013918 0.1020318 0.1021300 0.0194519 0.0240130 0.1140496 0.0244939 0.0229740 0.0047515 0.0052301 0.0265308 0.0270451 0.0270451 0.0275603 0.0270451 0.1021394 0.0235184 0.0224725 0.0224725 0.0214610 0.0239931 0.0214597 0.0209574 0.0245368 0.0224691 0.0239895 0.0239910 0.0244997 0.0245131 0.0239966 0.0250208 0.0250070 0.0234791 0.0245013 0.0244997 0.0949084 0.0047476 0.0000000 0.0004706 0.0052210 0.0042661 0.0057005 0.0061899 0.0224710 
MN549404   0.1007529 0.1013918 0.1014893 0.0189512 0.0235050 0.1133806 0.0239859 0.0224681 0.0052301 0.0057094 0.0260197 0.0265331 0.0265331 0.0270474 0.0265331 0.1014986 0.0230109 0.0219673 0.0219673 0.0209574 0.0234856 0.0209560 0.0204545 0.0240278 0.0219640 0.0234821 0.0234836 0.0239915 0.0240046 0.0234891 0.0245116 0.0244981 0.0229725 0.0239931 0.0239915 0.0942809 0.0052259 0.0004706 0.0000000 0.0057005 0.0047432 0.0052207 0.0057086 0.0219658 
MN549405   0.0992091 0.0998439 0.0999392 0.0179132 0.0224420 0.1117298 0.0229215 0.0224192 0.0042643 0.0047413 0.0259625 0.0264748 0.0264748 0.0269879 0.0264748 0.0999483 0.0219499 0.0209134 0.0209133 0.0199088 0.0234343 0.0199076 0.0194086 0.0229613 0.0209102 0.0224202 0.0224216 0.0239390 0.0239521 0.0224269 0.0244578 0.0234308 0.0229224 0.0229283 0.0229269 0.0927814 0.0014141 0.0052210 0.0057005 0.0000000 0.0009413 0.0004702 0.0018879 0.0209119 
MN549406   0.0992265 0.0998614 0.0999568 0.0179159 0.0224454 0.1117501 0.0229249 0.0224225 0.0033123 0.0037880 0.0259664 0.0264788 0.0264788 0.0269920 0.0264788 0.0999659 0.0219532 0.0209165 0.0209164 0.0199118 0.0234378 0.0199105 0.0194115 0.0229648 0.0209133 0.0224235 0.0224250 0.0239426 0.0229427 0.0224302 0.0234471 0.0234343 0.0229258 0.0229318 0.0229303 0.0927975 0.0004708 0.0042661 0.0047432 0.0009413 0.0000000 0.0014129 0.0028364 0.0209150 
MN549409   0.0985754 0.0992091 0.0993037 0.0174160 0.0219375 0.1110665 0.0224168 0.0219153 0.0047413 0.0052189 0.0254533 0.0259647 0.0259647 0.0264770 0.0259647 0.0993128 0.0214459 0.0204116 0.0204116 0.0194086 0.0229288 0.0194074 0.0189091 0.0224558 0.0204085 0.0219162 0.0219176 0.0234328 0.0234455 0.0219228 0.0239505 0.0229253 0.0224178 0.0224235 0.0224221 0.0921590 0.0018868 0.0057005 0.0052207 0.0004702 0.0014129 0.0000000 0.0014149 0.0204102 
MN549410   0.1006921 0.1013306 0.1014280 0.0189416 0.0234930 0.1133098 0.0239735 0.0234690 0.0061883 0.0066688 0.0270294 0.0275442 0.0275442 0.0280599 0.0275442 0.1014372 0.0229991 0.0219561 0.0219560 0.0209467 0.0234736 0.0209453 0.0204440 0.0240154 0.0219528 0.0234700 0.0234715 0.0249962 0.0250099 0.0234770 0.0255180 0.0244855 0.0239745 0.0239807 0.0239792 0.0942248 0.0033144 0.0061899 0.0057086 0.0018879 0.0028364 0.0014149 0.0000000 0.0219546 
MW535746   0.0957995 0.0964271 0.0965181 0.0037825 0.0071357 0.1068127 0.0066484 0.0071293 0.0214550 0.0219579 0.0105083 0.0109950 0.0109950 0.0114825 0.0109950 0.0965269 0.0085869 0.0066504 0.0056918 0.0047350 0.0071307 0.0047347 0.0042584 0.0071399 0.0056910 0.0071297 0.0061702 0.0076112 0.0085799 0.0061716 0.0090627 0.0071297 0.0076098 0.0076117 0.0076112 0.0882153 0.0214370 0.0224710 0.0219658 0.0209119 0.0209150 0.0204102 0.0219546 0.0000000 
