44
AF212302   0.0000000 0.0004708 0.0023624 0.0933147 0.0971846 0.0226802 0.0983052 0.0989545 0.1001035 0.1007339 0.1021002 0.1027490 0.1027490 0.1033989 0.1027490 0.0004712 0.0966261 0.0983429 0.0970788 0.0933147 0.0977082 0.0945495 0.0939316 0.0966355 0.0945564 0.0951926 0.0976988 0.0996015 0.1009444 0.0964636 0.1015735 0.0976917 0.0995800 0.0996083 0.0983324 0.0270043 0.0999879 0.1014069 0.1007678 0.0992234 0.0992408 0.0985895 0.1007070 0.0958124 
AF376747   0.0004708 0.0000000 0.0028370 0.0939385 0.0978153 0.0231912 0.0989369 0.0995873 0.1007414 0.1013728 0.1027379 0.1033877 0.1033877 0.1040387 0.1033877 0.0009430 0.0972564 0.0989748 0.0977087 0.0939385 0.0983391 0.0951751 0.0945564 0.0972659 0.0951821 0.0958195 0.0983297 0.1002354 0.1015810 0.0970926 0.1022110 0.0983224 0.1002138 0.1002423 0.0989642 0.0275163 0.1006248 0.1020470 0.1014069 0.0998583 0.0998759 0.0992234 0.1013456 0.0964402 
AJ627196   0.0023624 0.0028370 0.0000000 0.0940267 0.0979082 0.0232090 0.0990310 0.0996823 0.1008382 0.1014703 0.1028366 0.1034872 0.1034872 0.1041390 0.1034872 0.0028392 0.0973487 0.0990690 0.0978014 0.0940267 0.0984325 0.0952648 0.0946453 0.0973582 0.0952718 0.0959099 0.0984231 0.1003311 0.1016784 0.0971846 0.1023091 0.0984158 0.1003094 0.1003380 0.0990584 0.0275375 0.1007214 0.1021454 0.1015045 0.0999538 0.0999714 0.0993181 0.1014431 0.0965314 
AY988601   0.0933147 0.0939385 0.0940267 0.0000000 0.0052172 0.1042263 0.0066484 0.0042582 0.0184464 0.0189449 0.0076087 0.0080909 0.0080909 0.0085739 0.0080909 0.0940352 0.0056994 0.0037830 0.0028331 0.0018858 0.0071308 0.0018857 0.0014133 0.0071400 0.0047347 0.0061699 0.0061702 0.0076113 0.0056948 0.0061716 0.0061735 0.0071297 0.0047345 0.0066503 0.0076113 0.0845586 0.0184309 0.0194524 0.0189517 0.0179137 0.0179163 0.0174164 0.0189421 0.0037825 
FJ513078   0.0971846 0.0978153 0.0979082 0.0052172 0.0000000 0.1089252 0.0052163 0.0095497 0.0229917 0.0234973 0.0129565 0.0134475 0.0134475 0.0139394 0.0134475 0.0979171 0.0110232 0.0090672 0.0081006 0.0071364 0.0056975 0.0071359 0.0066557 0.0037859 0.0061751 0.0076172 0.0047397 0.0061764 0.0110141 0.0047407 0.0115008 0.0056967 0.0100340 0.0071373 0.0061765 0.0901724 0.0229723 0.0240138 0.0235058 0.0224427 0.0224461 0.0219382 0.0234937 0.0071358 
FN869553   0.0226802 0.0231912 0.0232090 0.1042263 0.1089252 0.0000000 0.1094277 0.1101073 0.1127019 0.1133612 0.1133863 0.1140644 0.1140644 0.1147439 0.1140644 0.0232110 0.1077003 0.1094711 0.1081524 0.1042263 0.1088086 0.1055120 0.1048687 0.1083617 0.1055200 0.1061846 0.1087979 0.1107835 0.1121934 0.1075113 0.1128489 0.1087897 0.1107590 0.1107912 0.1094590 0.0335822 0.1125659 0.1140699 0.1134007 0.1117491 0.1117694 0.1110856 0.1133299 0.1068300 
JN808857   0.0983052 0.0989369 0.0990310 0.0066484 0.0052163 0.1094277 0.0000000 0.0100238 0.0234723 0.0239779 0.0134318 0.0139230 0.0139230 0.0144150 0.0139230 0.0990400 0.0114985 0.0095412 0.0085742 0.0076096 0.0042590 0.0076091 0.0071287 0.0042645 0.0047343 0.0061693 0.0033074 0.0047353 0.0114890 0.0033081 0.0119759 0.0042584 0.0105083 0.0056917 0.0047353 0.0919099 0.0234524 0.0244948 0.0239867 0.0229222 0.0229256 0.0224175 0.0239743 0.0066484 
JN808864   0.0989545 0.0995873 0.0996823 0.0042582 0.0095497 0.1101073 0.0100238 0.0000000 0.0229683 0.0234732 0.0033062 0.0037815 0.0037815 0.0042576 0.0037815 0.0996913 0.0090704 0.0071304 0.0061705 0.0052121 0.0105122 0.0052117 0.0047348 0.0105259 0.0080915 0.0095408 0.0095414 0.0100261 0.0052151 0.0095435 0.0056941 0.0105106 0.0004703 0.0100267 0.0109975 0.0888281 0.0229488 0.0229747 0.0224688 0.0224199 0.0224232 0.0219159 0.0234697 0.0071294 
MH396625   0.1001035 0.1007414 0.1008382 0.0184464 0.0229917 0.1127019 0.0234723 0.0229683 0.0000000 0.0004704 0.0265243 0.0270385 0.0270385 0.0275535 0.0270385 0.1008474 0.0219557 0.0214572 0.0214571 0.0204490 0.0239872 0.0204477 0.0199470 0.0235133 0.0214539 0.0229693 0.0229708 0.0244936 0.0234906 0.0229761 0.0239967 0.0239835 0.0234732 0.0234793 0.0234778 0.0936431 0.0037915 0.0047515 0.0052302 0.0042643 0.0033123 0.0047413 0.0061883 0.0214557 
MH523642   0.1007339 0.1013728 0.1014703 0.0189449 0.0234973 0.1133612 0.0239779 0.0234732 0.0004704 0.0000000 0.0270344 0.0275494 0.0275494 0.0280652 0.0275494 0.1014796 0.0224592 0.0219601 0.0219600 0.0209504 0.0244937 0.0209491 0.0204477 0.0240199 0.0219567 0.0234743 0.0234758 0.0250008 0.0239967 0.0234813 0.0245034 0.0244900 0.0239789 0.0239851 0.0239836 0.0942626 0.0042683 0.0052302 0.0057095 0.0047413 0.0037880 0.0052189 0.0066689 0.0219585 
MK575060   0.1021002 0.1027379 0.1028366 0.0076087 0.0129565 0.1133863 0.0134318 0.0033062 0.0265243 0.0270344 0.0000000 0.0004702 0.0004702 0.0009412 0.0004702 0.1028459 0.0124742 0.0105100 0.0095401 0.0085727 0.0139262 0.0085721 0.0080904 0.0139445 0.0114801 0.0129443 0.0129451 0.0134348 0.0085777 0.0129480 0.0090604 0.0139241 0.0037810 0.0134357 0.0144162 0.0931354 0.0265017 0.0265318 0.0260206 0.0259634 0.0259673 0.0254542 0.0270304 0.0105084 
MK575061   0.1027490 0.1033877 0.1034872 0.0080909 0.0134475 0.1140644 0.0139230 0.0037815 0.0270385 0.0275494 0.0004702 0.0000000 0.0009412 0.0014129 0.0009412 0.1034966 0.0129647 0.0109968 0.0100254 0.0090564 0.0144184 0.0090558 0.0085734 0.0144374 0.0119683 0.0134348 0.0134356 0.0139262 0.0090617 0.0134387 0.0095451 0.0144162 0.0042570 0.0139271 0.0149092 0.0937676 0.0270154 0.0270461 0.0265341 0.0264757 0.0264797 0.0259656 0.0275452 0.0109952 
MK575062   0.1027490 0.1033877 0.1034872 0.0080909 0.0134475 0.1140644 0.0139230 0.0037815 0.0270385 0.0275494 0.0004702 0.0009412 0.0000000 0.0014129 0.0009412 0.1034966 0.0129647 0.0109968 0.0100254 0.0090564 0.0144184 0.0090558 0.0085734 0.0144374 0.0119683 0.0134348 0.0134356 0.0139262 0.0090617 0.0134387 0.0095451 0.0144162 0.0042570 0.0139271 0.0149092 0.0937676 0.0270154 0.0270461 0.0265341 0.0264757 0.0264797 0.0259656 0.0275452 0.0109952 
MK575067   0.1033989 0.1040387 0.1041390 0.0085739 0.0139394 0.1147439 0.0144150 0.0042576 0.0275535 0.0280652 0.0009412 0.0014129 0.0014129 0.0000000 0.0014129 0.1041485 0.0134560 0.0114844 0.0105115 0.0095409 0.0149113 0.0095403 0.0090571 0.0149310 0.0124574 0.0139262 0.0139270 0.0144183 0.0095465 0.0139302 0.0100306 0.0149091 0.0047339 0.0144193 0.0154029 0.0944010 0.0275299 0.0275613 0.0270484 0.0269888 0.0269929 0.0264779 0.0280610 0.0114827 
MK575068   0.1027490 0.1033877 0.1034872 0.0080909 0.0134475 0.1140644 0.0139230 0.0037815 0.0270385 0.0275494 0.0004702 0.0009412 0.0009412 0.0014129 0.0000000 0.1034966 0.0129647 0.0109968 0.0100254 0.0090564 0.0144184 0.0090558 0.0085734 0.0144374 0.0119683 0.0134348 0.0134356 0.0139262 0.0090617 0.0134387 0.0095451 0.0144162 0.0042570 0.0139271 0.0149092 0.0937676 0.0270154 0.0270461 0.0265341 0.0264757 0.0264797 0.0259656 0.0275452 0.0109952 
MK673559   0.0004712 0.0009430 0.0028392 0.0940352 0.0979171 0.0232110 0.0990400 0.0996913 0.1008474 0.1014796 0.1028459 0.1034966 0.1034966 0.1041485 0.1034966 0.0000000 0.0973575 0.0990780 0.0978103 0.0940352 0.0984414 0.0952734 0.0946539 0.0973670 0.0952804 0.0959186 0.0984320 0.1003402 0.1016876 0.0971933 0.1023184 0.0984247 0.1003185 0.1003471 0.0990674 0.0275398 0.1007305 0.1021547 0.1015138 0.0999629 0.0999805 0.0993271 0.1014524 0.0965401 
MK673565   0.0966261 0.0972564 0.0973487 0.0056994 0.0110232 0.1077003 0.0114985 0.0090704 0.0219557 0.0224592 0.0124742 0.0129647 0.0129647 0.0134560 0.0129647 0.0973575 0.0000000 0.0085883 0.0076225 0.0066593 0.0119903 0.0066589 0.0061790 0.0120060 0.0095548 0.0110128 0.0110135 0.0124784 0.0105331 0.0110160 0.0110194 0.0119885 0.0095543 0.0115019 0.0124784 0.0877744 0.0224792 0.0235192 0.0230117 0.0219506 0.0219539 0.0214466 0.0229999 0.0085870 
MK673566   0.0983429 0.0989748 0.0990690 0.0037830 0.0090672 0.1094711 0.0095412 0.0071304 0.0214572 0.0219601 0.0105100 0.0109968 0.0109968 0.0114844 0.0109968 0.0990780 0.0085883 0.0000000 0.0018864 0.0047357 0.0100289 0.0047354 0.0042591 0.0100419 0.0076113 0.0090588 0.0090593 0.0105135 0.0085813 0.0090614 0.0090642 0.0100274 0.0076110 0.0095440 0.0105136 0.0894651 0.0214391 0.0224733 0.0219680 0.0209140 0.0209171 0.0204122 0.0219568 0.0066505 
MK673567   0.0970788 0.0977087 0.0978014 0.0028331 0.0081006 0.1081524 0.0085742 0.0061705 0.0214571 0.0219600 0.0095401 0.0100254 0.0100254 0.0105115 0.0100254 0.0978103 0.0076225 0.0018864 0.0000000 0.0037830 0.0090601 0.0037828 0.0033077 0.0090718 0.0066499 0.0080930 0.0080935 0.0095434 0.0076163 0.0080953 0.0080979 0.0090587 0.0066496 0.0085767 0.0095434 0.0882319 0.0214390 0.0224732 0.0219680 0.0209139 0.0209170 0.0204121 0.0219567 0.0056919 
MK673568   0.0933147 0.0939385 0.0940267 0.0018858 0.0071364 0.1042263 0.0076096 0.0052121 0.0204490 0.0209504 0.0085727 0.0090564 0.0090564 0.0095409 0.0090564 0.0940352 0.0066593 0.0047357 0.0037830 0.0000000 0.0080937 0.0028327 0.0023590 0.0081041 0.0056910 0.0071297 0.0071302 0.0085756 0.0066538 0.0071318 0.0071340 0.0080925 0.0056908 0.0076118 0.0085756 0.0845586 0.0204318 0.0214617 0.0209580 0.0199094 0.0199123 0.0194091 0.0209473 0.0047350 
MK673570   0.0977082 0.0983391 0.0984325 0.0071308 0.0056975 0.1088086 0.0042590 0.0105122 0.0239872 0.0244937 0.0139262 0.0144184 0.0144184 0.0149113 0.0144184 0.0984414 0.0119903 0.0100289 0.0090601 0.0080937 0.0000000 0.0080932 0.0076119 0.0047432 0.0052131 0.0066509 0.0037838 0.0052142 0.0119804 0.0018868 0.0124682 0.0018864 0.0109975 0.0061725 0.0033084 0.0913215 0.0239668 0.0239939 0.0234864 0.0234351 0.0234386 0.0229295 0.0234743 0.0071308 
MK673571   0.0945495 0.0951751 0.0952648 0.0018857 0.0071359 0.1055120 0.0076091 0.0052117 0.0204477 0.0209491 0.0085721 0.0090558 0.0090558 0.0095403 0.0090558 0.0952734 0.0066589 0.0047354 0.0037828 0.0028327 0.0080932 0.0000000 0.0004704 0.0081036 0.0056907 0.0071293 0.0071297 0.0085750 0.0066534 0.0071313 0.0071335 0.0080920 0.0056904 0.0076113 0.0085751 0.0857653 0.0204305 0.0214603 0.0209567 0.0199081 0.0199111 0.0194079 0.0209460 0.0047347 
MK673572   0.0939316 0.0945564 0.0946453 0.0014133 0.0066557 0.1048687 0.0071287 0.0047348 0.0199470 0.0204477 0.0080904 0.0085734 0.0085734 0.0090571 0.0085734 0.0946539 0.0061790 0.0042591 0.0033077 0.0023590 0.0076119 0.0004704 0.0000000 0.0076218 0.0052120 0.0066495 0.0066499 0.0080931 0.0061740 0.0066514 0.0066534 0.0076108 0.0052117 0.0071308 0.0080931 0.0851610 0.0199303 0.0209580 0.0204551 0.0194091 0.0194120 0.0189096 0.0204446 0.0042584 
MK673576   0.0966355 0.0972659 0.0973582 0.0071400 0.0037859 0.1083617 0.0042645 0.0105259 0.0235133 0.0240199 0.0139445 0.0144374 0.0144374 0.0149310 0.0144374 0.0973670 0.0120060 0.0100419 0.0090718 0.0081041 0.0047432 0.0081036 0.0076218 0.0000000 0.0052198 0.0066594 0.0037887 0.0052210 0.0119961 0.0037895 0.0124845 0.0047425 0.0110119 0.0061804 0.0052210 0.0921034 0.0234933 0.0245377 0.0240287 0.0229621 0.0229655 0.0224565 0.0240163 0.0071400 
MK673579   0.0945564 0.0951821 0.0952718 0.0047347 0.0061751 0.1055200 0.0047343 0.0080915 0.0214539 0.0219567 0.0114801 0.0119683 0.0119683 0.0124574 0.0119683 0.0952804 0.0095548 0.0076113 0.0066499 0.0056910 0.0052131 0.0056907 0.0052120 0.0052198 0.0000000 0.0014134 0.0042586 0.0056918 0.0095469 0.0042596 0.0100311 0.0052123 0.0085733 0.0056922 0.0056919 0.0894501 0.0214358 0.0224699 0.0219647 0.0209108 0.0209139 0.0204091 0.0219534 0.0056910 
MK673581   0.0951926 0.0958195 0.0959099 0.0061699 0.0076172 0.1061846 0.0061693 0.0095408 0.0229693 0.0234743 0.0129443 0.0134348 0.0134348 0.0139262 0.0134348 0.0959186 0.0110128 0.0090588 0.0080930 0.0071297 0.0066509 0.0071293 0.0066495 0.0066594 0.0014134 0.0000000 0.0056917 0.0061707 0.0110037 0.0056930 0.0114900 0.0066499 0.0100246 0.0071312 0.0071308 0.0900765 0.0229499 0.0239903 0.0234829 0.0224209 0.0224242 0.0219169 0.0234708 0.0071297 
MK673582   0.0976988 0.0983297 0.0984231 0.0061702 0.0047397 0.1087979 0.0033074 0.0095414 0.0229708 0.0234758 0.0129451 0.0134356 0.0134356 0.0139270 0.0134356 0.0984320 0.0110135 0.0090593 0.0080935 0.0071302 0.0037838 0.0071297 0.0066499 0.0037887 0.0042586 0.0056917 0.0000000 0.0042596 0.0110044 0.0028341 0.0114907 0.0037832 0.0100253 0.0052137 0.0042596 0.0913128 0.0229513 0.0239918 0.0234844 0.0224223 0.0224257 0.0219183 0.0234723 0.0061702 
MK673583   0.0996015 0.1002354 0.1003311 0.0076113 0.0061764 0.1107835 0.0047353 0.0100261 0.0244936 0.0250008 0.0134348 0.0139262 0.0139262 0.0144183 0.0139262 0.1003402 0.0124784 0.0105135 0.0095434 0.0085756 0.0052142 0.0085750 0.0080931 0.0052210 0.0056918 0.0061707 0.0042596 0.0000000 0.0124681 0.0042605 0.0129565 0.0042593 0.0105107 0.0066518 0.0056931 0.0931812 0.0244728 0.0245005 0.0239923 0.0239398 0.0239434 0.0234335 0.0249971 0.0076113 
MK673584   0.1009444 0.1015810 0.1016784 0.0056948 0.0110141 0.1121934 0.0114890 0.0052151 0.0234906 0.0239967 0.0085777 0.0090617 0.0090617 0.0095465 0.0090617 0.1016876 0.0105331 0.0085813 0.0076163 0.0066538 0.0119804 0.0066534 0.0061740 0.0119961 0.0095469 0.0110037 0.0110044 0.0124681 0.0000000 0.0110069 0.0014128 0.0119786 0.0056941 0.0114924 0.0124681 0.0895164 0.0234707 0.0245140 0.0240055 0.0239529 0.0229435 0.0234463 0.0250108 0.0085800 
MK673585   0.0964636 0.0970926 0.0971846 0.0061716 0.0047407 0.1075113 0.0033081 0.0095435 0.0229761 0.0234813 0.0129480 0.0134387 0.0134387 0.0139302 0.0134387 0.0971933 0.0110160 0.0090614 0.0080953 0.0071318 0.0018868 0.0071313 0.0066514 0.0037895 0.0042596 0.0056930 0.0028341 0.0042605 0.0110069 0.0000000 0.0114933 0.0018865 0.0100275 0.0052149 0.0023600 0.0900981 0.0229567 0.0239975 0.0234899 0.0224275 0.0224309 0.0219234 0.0234778 0.0061716 
MK673587   0.1015735 0.1022110 0.1023091 0.0061735 0.0115008 0.1128489 0.0119759 0.0056941 0.0239967 0.0245034 0.0090604 0.0095451 0.0095451 0.0100306 0.0095451 0.1023184 0.0110194 0.0090642 0.0080979 0.0071340 0.0124682 0.0071335 0.0066534 0.0124845 0.0100311 0.0114900 0.0114907 0.0129565 0.0014128 0.0114933 0.0000000 0.0124663 0.0061728 0.0119794 0.0129565 0.0901270 0.0239763 0.0250216 0.0245124 0.0244586 0.0234479 0.0239513 0.0255189 0.0090628 
MK673588   0.0976917 0.0983224 0.0984158 0.0071297 0.0056967 0.1087897 0.0042584 0.0105106 0.0239835 0.0244900 0.0139241 0.0144162 0.0144162 0.0149091 0.0144162 0.0984247 0.0119885 0.0100274 0.0090587 0.0080925 0.0018864 0.0080920 0.0076108 0.0047425 0.0052123 0.0066499 0.0037832 0.0042593 0.0119786 0.0018865 0.0124663 0.0000000 0.0109959 0.0061716 0.0033079 0.0913062 0.0239632 0.0250078 0.0244989 0.0234315 0.0234350 0.0229260 0.0244863 0.0071297 
MK673589   0.0995800 0.1002138 0.1003094 0.0047345 0.0100340 0.1107590 0.0105083 0.0004703 0.0234732 0.0239789 0.0037810 0.0042570 0.0042570 0.0047339 0.0042570 0.1003185 0.0095543 0.0076110 0.0066496 0.0056908 0.0109975 0.0056904 0.0052117 0.0110119 0.0085733 0.0100246 0.0100253 0.0105107 0.0056941 0.0100275 0.0061728 0.0109959 0.0000000 0.0105114 0.0114835 0.0894372 0.0234534 0.0234799 0.0229732 0.0229231 0.0229265 0.0224184 0.0239753 0.0076099 
MK673591   0.0996083 0.1002423 0.1003380 0.0066503 0.0071373 0.1107912 0.0056917 0.0100267 0.0234793 0.0239851 0.0134357 0.0139271 0.0139271 0.0144193 0.0139271 0.1003471 0.0115019 0.0095440 0.0085767 0.0076118 0.0061725 0.0076113 0.0071308 0.0061804 0.0056922 0.0071312 0.0052137 0.0066518 0.0114924 0.0052149 0.0119794 0.0061716 0.0105114 0.0000000 0.0066518 0.0919417 0.0234594 0.0245021 0.0239939 0.0229290 0.0229325 0.0224242 0.0239815 0.0076118 
MK673592   0.0983324 0.0989642 0.0990584 0.0076113 0.0061765 0.1094590 0.0047353 0.0109975 0.0234778 0.0239836 0.0144162 0.0149092 0.0149092 0.0154029 0.0149092 0.0990674 0.0124784 0.0105136 0.0095434 0.0085756 0.0033084 0.0085751 0.0080931 0.0052210 0.0056919 0.0071308 0.0042596 0.0056931 0.0124681 0.0023600 0.0129565 0.0033079 0.0114835 0.0066518 0.0000000 0.0919350 0.0234579 0.0245006 0.0239924 0.0229276 0.0229310 0.0224228 0.0239800 0.0076113 
MK801755   0.0270043 0.0275163 0.0275375 0.0845586 0.0901724 0.0335822 0.0919099 0.0888281 0.0936431 0.0942626 0.0931354 0.0937676 0.0937676 0.0944010 0.0937676 0.0275398 0.0877744 0.0894651 0.0882319 0.0845586 0.0913215 0.0857653 0.0851610 0.0921034 0.0894501 0.0900765 0.0913128 0.0931812 0.0895164 0.0900981 0.0901270 0.0913062 0.0894372 0.0919417 0.0919350 0.0000000 0.0935367 0.0949216 0.0942939 0.0927938 0.0928099 0.0921712 0.0942377 0.0882263 
MN549402   0.0999879 0.1006248 0.1007214 0.0184309 0.0229723 0.1125659 0.0234524 0.0229488 0.0037915 0.0042683 0.0265017 0.0270154 0.0270154 0.0275299 0.0270154 0.1007305 0.0224792 0.0214391 0.0214390 0.0204318 0.0239668 0.0204305 0.0199303 0.0234933 0.0214358 0.0229499 0.0229513 0.0244728 0.0234707 0.0229567 0.0239763 0.0239632 0.0234534 0.0234594 0.0234579 0.0935367 0.0000000 0.0047477 0.0052259 0.0014141 0.0004708 0.0018868 0.0033144 0.0214376 
MN549403   0.1014069 0.1020470 0.1021454 0.0194524 0.0240138 0.1140699 0.0244948 0.0229747 0.0047515 0.0052302 0.0265318 0.0270461 0.0270461 0.0275613 0.0270461 0.1021547 0.0235192 0.0224733 0.0224732 0.0214617 0.0239939 0.0214603 0.0209580 0.0245377 0.0224699 0.0239903 0.0239918 0.0245005 0.0245140 0.0239975 0.0250216 0.0250078 0.0234799 0.0245021 0.0245006 0.0949216 0.0047477 0.0000000 0.0004706 0.0052210 0.0042661 0.0057005 0.0061900 0.0224717 
MN549404   0.1007678 0.1014069 0.1015045 0.0189517 0.0235058 0.1134007 0.0239867 0.0224688 0.0052302 0.0057095 0.0260206 0.0265341 0.0265341 0.0270484 0.0265341 0.1015138 0.0230117 0.0219680 0.0219680 0.0209580 0.0234864 0.0209567 0.0204551 0.0240287 0.0219647 0.0234829 0.0234844 0.0239923 0.0240055 0.0234899 0.0245124 0.0244989 0.0229732 0.0239939 0.0239924 0.0942939 0.0052259 0.0004706 0.0000000 0.0057005 0.0047433 0.0052207 0.0057086 0.0219665 
MN549405   0.0992234 0.0998583 0.0999538 0.0179137 0.0224427 0.1117491 0.0229222 0.0224199 0.0042643 0.0047413 0.0259634 0.0264757 0.0264757 0.0269888 0.0264757 0.0999629 0.0219506 0.0209140 0.0209139 0.0199094 0.0234351 0.0199081 0.0194091 0.0229621 0.0209108 0.0224209 0.0224223 0.0239398 0.0239529 0.0224275 0.0244586 0.0234315 0.0229231 0.0229290 0.0229276 0.0927938 0.0014141 0.0052210 0.0057005 0.0000000 0.0009413 0.0004702 0.0018879 0.0209125 
MN549406   0.0992408 0.0998759 0.0999714 0.0179163 0.0224461 0.1117694 0.0229256 0.0224232 0.0033123 0.0037880 0.0259673 0.0264797 0.0264797 0.0269929 0.0264797 0.0999805 0.0219539 0.0209171 0.0209170 0.0199123 0.0234386 0.0199111 0.0194120 0.0229655 0.0209139 0.0224242 0.0224257 0.0239434 0.0229435 0.0224309 0.0234479 0.0234350 0.0229265 0.0229325 0.0229310 0.0928099 0.0004708 0.0042661 0.0047433 0.0009413 0.0000000 0.0014129 0.0028364 0.0209156 
MN549409   0.0985895 0.0992234 0.0993181 0.0174164 0.0219382 0.1110856 0.0224175 0.0219159 0.0047413 0.0052189 0.0254542 0.0259656 0.0259656 0.0264779 0.0259656 0.0993271 0.0214466 0.0204122 0.0204121 0.0194091 0.0229295 0.0194079 0.0189096 0.0224565 0.0204091 0.0219169 0.0219183 0.0234335 0.0234463 0.0219234 0.0239513 0.0229260 0.0224184 0.0224242 0.0224228 0.0921712 0.0018868 0.0057005 0.0052207 0.0004702 0.0014129 0.0000000 0.0014149 0.0204108 
MN549410   0.1007070 0.1013456 0.1014431 0.0189421 0.0234937 0.1133299 0.0239743 0.0234697 0.0061883 0.0066689 0.0270304 0.0275452 0.0275452 0.0280610 0.0275452 0.1014524 0.0229999 0.0219568 0.0219567 0.0209473 0.0234743 0.0209460 0.0204446 0.0240163 0.0219534 0.0234708 0.0234723 0.0249971 0.0250108 0.0234778 0.0255189 0.0244863 0.0239753 0.0239815 0.0239800 0.0942377 0.0033144 0.0061900 0.0057086 0.0018879 0.0028364 0.0014149 0.0000000 0.0219552 
MW535746   0.0958124 0.0964402 0.0965314 0.0037825 0.0071358 0.1068300 0.0066484 0.0071294 0.0214557 0.0219585 0.0105084 0.0109952 0.0109952 0.0114827 0.0109952 0.0965401 0.0085870 0.0066505 0.0056919 0.0047350 0.0071308 0.0047347 0.0042584 0.0071400 0.0056910 0.0071297 0.0061702 0.0076113 0.0085800 0.0061716 0.0090628 0.0071297 0.0076099 0.0076118 0.0076113 0.0882263 0.0214376 0.0224717 0.0219665 0.0209125 0.0209156 0.0204108 0.0219552 0.0000000 
