44
AF212302   0.0000000 0.0004708 0.0023623 0.0932255 0.0970874 0.0226743 0.0982065 0.0988542 0.0999983 0.1006274 0.1019935 0.1026408 0.1026408 0.1032893 0.1026408 0.0004712 0.0965294 0.0982439 0.0969824 0.0932255 0.0976106 0.0944580 0.0938413 0.0965390 0.0944649 0.0950998 0.0976012 0.0994999 0.1008395 0.0963684 0.1014673 0.0975941 0.0994785 0.0995067 0.0982335 0.0269976 0.0998836 0.1012989 0.1006611 0.0991213 0.0991386 0.0984886 0.1006006 0.0957184 
AF376747   0.0004708 0.0000000 0.0028369 0.0938481 0.0977169 0.0231851 0.0988369 0.0994858 0.1006349 0.1012650 0.1026299 0.1032782 0.1032782 0.1039278 0.1032782 0.0009430 0.0971585 0.0988746 0.0976110 0.0938481 0.0982403 0.0950825 0.0944649 0.0971681 0.0950894 0.0957254 0.0982308 0.1001326 0.1014748 0.0969961 0.1021035 0.0982236 0.1001110 0.1001395 0.0988641 0.0275093 0.1005192 0.1019377 0.1012989 0.0997549 0.0997724 0.0991213 0.1012380 0.0963450 
AJ627196   0.0023623 0.0028369 0.0000000 0.0939357 0.0978090 0.0232028 0.0989302 0.0995799 0.1007309 0.1013617 0.1027277 0.1033769 0.1033769 0.1040273 0.1033769 0.0028391 0.0972501 0.0989680 0.0977030 0.0939357 0.0983329 0.0951715 0.0945531 0.0972597 0.0951784 0.0958152 0.0983234 0.1002275 0.1015714 0.0970874 0.1022009 0.0983162 0.1002059 0.1002344 0.0989575 0.0275304 0.1006150 0.1020353 0.1013957 0.0998496 0.0998672 0.0992152 0.1013347 0.0964355 
AY988601   0.0932255 0.0938481 0.0939357 0.0000000 0.0052169 0.1041071 0.0066480 0.0042580 0.0184430 0.0189414 0.0076082 0.0080903 0.0080903 0.0085733 0.0080903 0.0939441 0.0056991 0.0037829 0.0028330 0.0018858 0.0071303 0.0018857 0.0014133 0.0071395 0.0047345 0.0061695 0.0061699 0.0076108 0.0056945 0.0061713 0.0061732 0.0071293 0.0047343 0.0066500 0.0076108 0.0844857 0.0184277 0.0194487 0.0189482 0.0179107 0.0179133 0.0174136 0.0189386 0.0037824 
FJ513078   0.0970874 0.0977169 0.0978090 0.0052169 0.0000000 0.1087945 0.0052161 0.0095489 0.0229866 0.0234919 0.0129550 0.0134459 0.0134459 0.0139376 0.0134459 0.0978179 0.0110220 0.0090665 0.0081000 0.0071359 0.0056972 0.0071354 0.0066552 0.0037858 0.0061748 0.0076167 0.0047395 0.0061761 0.0110129 0.0047405 0.0114996 0.0056964 0.0100331 0.0071368 0.0061761 0.0900892 0.0229672 0.0240082 0.0235004 0.0224379 0.0224413 0.0219336 0.0234883 0.0071353 
FN869553   0.0226743 0.0231851 0.0232028 0.1041071 0.1087945 0.0000000 0.1092968 0.1099745 0.1125596 0.1132173 0.1132456 0.1139220 0.1139220 0.1145998 0.1139220 0.0232048 0.1075719 0.1093399 0.1080242 0.1041071 0.1086790 0.1053900 0.1047480 0.1082319 0.1053979 0.1060609 0.1086683 0.1106491 0.1120549 0.1073845 0.1127089 0.1086601 0.1106246 0.1106568 0.1093278 0.0335700 0.1124247 0.1139242 0.1132566 0.1116107 0.1116309 0.1109487 0.1131861 0.1067048 
JN808857   0.0982065 0.0988369 0.0989302 0.0066480 0.0052161 0.1092968 0.0000000 0.0100229 0.0234670 0.0239724 0.0134302 0.0139213 0.0139213 0.0144132 0.0139213 0.0989392 0.0114973 0.0095405 0.0085736 0.0076091 0.0042588 0.0076086 0.0071283 0.0042643 0.0047341 0.0061690 0.0033073 0.0047351 0.0114879 0.0033080 0.0119747 0.0042582 0.0105073 0.0056915 0.0047351 0.0918240 0.0234472 0.0244890 0.0239811 0.0229173 0.0229207 0.0224129 0.0239688 0.0066480 
JN808864   0.0988542 0.0994858 0.0995799 0.0042580 0.0095489 0.1099745 0.0100229 0.0000000 0.0229632 0.0234680 0.0033061 0.0037814 0.0037814 0.0042575 0.0037814 0.0995889 0.0090696 0.0071300 0.0061701 0.0052118 0.0105112 0.0052115 0.0047346 0.0105249 0.0080909 0.0095400 0.0095406 0.0100252 0.0052149 0.0095427 0.0056938 0.0105097 0.0004703 0.0100258 0.0109964 0.0887478 0.0229438 0.0229696 0.0224639 0.0224152 0.0224185 0.0219114 0.0234644 0.0071289 
MH396625   0.0999983 0.1006349 0.1007309 0.0184430 0.0229866 0.1125596 0.0234670 0.0229632 0.0000000 0.0004704 0.0265176 0.0270315 0.0270315 0.0275462 0.0270315 0.1007400 0.0219511 0.0214527 0.0214527 0.0204450 0.0239816 0.0204437 0.0199431 0.0235078 0.0214495 0.0229642 0.0229657 0.0244878 0.0234852 0.0229711 0.0239911 0.0239780 0.0234680 0.0234740 0.0234725 0.0935513 0.0037914 0.0047513 0.0052299 0.0042641 0.0033122 0.0047411 0.0061879 0.0214512 
MH523642   0.1006274 0.1012650 0.1013617 0.0189414 0.0234919 0.1132173 0.0239724 0.0234680 0.0004704 0.0000000 0.0270274 0.0275421 0.0275421 0.0280577 0.0275421 0.1013709 0.0224544 0.0219554 0.0219554 0.0209462 0.0244880 0.0209449 0.0204437 0.0240142 0.0219521 0.0234690 0.0234705 0.0249948 0.0239911 0.0234760 0.0244976 0.0244842 0.0239734 0.0239796 0.0239781 0.0941697 0.0042681 0.0052299 0.0057091 0.0047411 0.0037879 0.0052186 0.0066684 0.0219539 
MK575060   0.1019935 0.1026299 0.1027277 0.0076082 0.0129550 0.1132456 0.0134302 0.0033061 0.0265176 0.0270274 0.0000000 0.0004702 0.0004702 0.0009412 0.0004702 0.1027371 0.0124727 0.0105090 0.0095393 0.0085720 0.0139245 0.0085715 0.0080898 0.0139427 0.0114790 0.0129428 0.0129436 0.0134332 0.0085770 0.0129465 0.0090596 0.0139224 0.0037809 0.0134341 0.0144144 0.0930471 0.0264951 0.0265251 0.0260141 0.0259572 0.0259611 0.0254482 0.0270234 0.0105075 
MK575061   0.1026408 0.1032782 0.1033769 0.0080903 0.0134459 0.1139220 0.0139213 0.0037814 0.0270315 0.0275421 0.0004702 0.0000000 0.0009412 0.0014129 0.0009412 0.1033863 0.0129631 0.0109957 0.0100245 0.0090557 0.0144165 0.0090551 0.0085727 0.0144354 0.0119671 0.0134332 0.0134340 0.0139244 0.0090609 0.0134371 0.0095443 0.0144144 0.0042569 0.0139253 0.0149072 0.0936781 0.0270085 0.0270391 0.0265273 0.0264692 0.0264732 0.0259594 0.0275380 0.0109941 
MK575062   0.1026408 0.1032782 0.1033769 0.0080903 0.0134459 0.1139220 0.0139213 0.0037814 0.0270315 0.0275421 0.0004702 0.0009412 0.0000000 0.0014129 0.0009412 0.1033863 0.0129631 0.0109957 0.0100245 0.0090557 0.0144165 0.0090551 0.0085727 0.0144354 0.0119671 0.0134332 0.0134340 0.0139244 0.0090609 0.0134371 0.0095443 0.0144144 0.0042569 0.0139253 0.0149072 0.0936781 0.0270085 0.0270391 0.0265273 0.0264692 0.0264732 0.0259594 0.0275380 0.0109941 
MK575067   0.1032893 0.1039278 0.1040273 0.0085733 0.0139376 0.1145998 0.0144132 0.0042575 0.0275462 0.0280577 0.0009412 0.0014129 0.0014129 0.0000000 0.0014129 0.1040367 0.0134543 0.0114832 0.0105105 0.0095401 0.0149094 0.0095395 0.0090564 0.0149290 0.0124560 0.0139244 0.0139253 0.0144165 0.0095456 0.0139285 0.0100297 0.0149071 0.0047337 0.0144174 0.0154008 0.0943102 0.0275228 0.0275540 0.0270414 0.0269821 0.0269861 0.0264714 0.0280534 0.0114815 
MK575068   0.1026408 0.1032782 0.1033769 0.0080903 0.0134459 0.1139220 0.0139213 0.0037814 0.0270315 0.0275421 0.0004702 0.0009412 0.0009412 0.0014129 0.0000000 0.1033863 0.0129631 0.0109957 0.0100245 0.0090557 0.0144165 0.0090551 0.0085727 0.0144354 0.0119671 0.0134332 0.0134340 0.0139244 0.0090609 0.0134371 0.0095443 0.0144144 0.0042569 0.0139253 0.0149072 0.0936781 0.0270085 0.0270391 0.0265273 0.0264692 0.0264732 0.0259594 0.0275380 0.0109941 
MK673559   0.0004712 0.0009430 0.0028391 0.0939441 0.0978179 0.0232048 0.0989392 0.0995889 0.1007400 0.1013709 0.1027371 0.1033863 0.1033863 0.1040367 0.1033863 0.0000000 0.0972588 0.0989770 0.0977118 0.0939441 0.0983418 0.0951800 0.0945616 0.0972685 0.0951870 0.0958238 0.0983323 0.1002366 0.1015806 0.0970961 0.1022101 0.0983251 0.1002149 0.1002435 0.0989665 0.0275327 0.1006241 0.1020446 0.1014050 0.0998587 0.0998762 0.0992242 0.1013439 0.0964442 
MK673565   0.0965294 0.0971585 0.0972501 0.0056991 0.0110220 0.1075719 0.0114973 0.0090696 0.0219511 0.0224544 0.0124727 0.0129631 0.0129631 0.0134543 0.0129631 0.0972588 0.0000000 0.0085876 0.0076220 0.0066588 0.0119890 0.0066584 0.0061786 0.0120046 0.0095539 0.0110117 0.0110123 0.0124769 0.0105320 0.0110148 0.0110183 0.0119872 0.0095535 0.0115006 0.0124770 0.0876950 0.0224743 0.0235137 0.0230065 0.0219460 0.0219493 0.0214421 0.0229946 0.0085863 
MK673566   0.0982439 0.0988746 0.0989680 0.0037829 0.0090665 0.1093399 0.0095405 0.0071300 0.0214527 0.0219554 0.0105090 0.0109957 0.0109957 0.0114832 0.0109957 0.0989770 0.0085876 0.0000000 0.0018863 0.0047355 0.0100280 0.0047353 0.0042589 0.0100410 0.0076108 0.0090580 0.0090586 0.0105126 0.0085806 0.0090606 0.0090634 0.0100265 0.0076105 0.0095432 0.0105126 0.0893837 0.0214347 0.0224684 0.0219634 0.0209099 0.0209130 0.0204083 0.0219521 0.0066501 
MK673567   0.0969824 0.0976110 0.0977030 0.0028330 0.0081000 0.1080242 0.0085736 0.0061701 0.0214527 0.0219554 0.0095393 0.0100245 0.0100245 0.0105105 0.0100245 0.0977118 0.0076220 0.0018863 0.0000000 0.0037829 0.0090594 0.0037827 0.0033076 0.0090711 0.0066496 0.0080925 0.0080930 0.0095426 0.0076158 0.0080948 0.0080973 0.0090580 0.0066492 0.0085761 0.0095426 0.0881527 0.0214347 0.0224683 0.0219633 0.0209099 0.0209130 0.0204083 0.0219521 0.0056916 
MK673568   0.0932255 0.0938481 0.0939357 0.0018858 0.0071359 0.1041071 0.0076091 0.0052118 0.0204450 0.0209462 0.0085720 0.0090557 0.0090557 0.0095401 0.0090557 0.0939441 0.0066588 0.0047355 0.0037829 0.0000000 0.0080931 0.0028327 0.0023590 0.0081035 0.0056908 0.0071293 0.0071297 0.0085749 0.0066534 0.0071313 0.0071335 0.0080919 0.0056905 0.0076113 0.0085749 0.0844857 0.0204279 0.0214572 0.0209537 0.0199057 0.0199086 0.0194056 0.0209430 0.0047348 
MK673570   0.0976106 0.0982403 0.0983329 0.0071303 0.0056972 0.1086790 0.0042588 0.0105112 0.0239816 0.0244880 0.0139245 0.0144165 0.0144165 0.0149094 0.0144165 0.0983418 0.0119890 0.0100280 0.0090594 0.0080931 0.0000000 0.0080926 0.0076114 0.0047430 0.0052129 0.0066505 0.0037837 0.0052140 0.0119791 0.0018867 0.0124668 0.0018863 0.0109965 0.0061722 0.0033083 0.0912367 0.0239614 0.0239884 0.0234811 0.0234300 0.0234335 0.0229246 0.0234691 0.0071303 
MK673571   0.0944580 0.0950825 0.0951715 0.0018857 0.0071354 0.1053900 0.0076086 0.0052115 0.0204437 0.0209449 0.0085715 0.0090551 0.0090551 0.0095395 0.0090551 0.0951800 0.0066584 0.0047353 0.0037827 0.0028327 0.0080926 0.0000000 0.0004704 0.0081030 0.0056904 0.0071288 0.0071293 0.0085744 0.0066530 0.0071309 0.0071331 0.0080914 0.0056901 0.0076108 0.0085744 0.0856905 0.0204266 0.0214558 0.0209524 0.0199044 0.0199074 0.0194044 0.0209417 0.0047345 
MK673572   0.0938413 0.0944649 0.0945531 0.0014133 0.0066552 0.1047480 0.0071283 0.0047346 0.0199431 0.0204437 0.0080898 0.0085727 0.0085727 0.0090564 0.0085727 0.0945616 0.0061786 0.0042589 0.0033076 0.0023590 0.0076114 0.0004704 0.0000000 0.0076212 0.0052118 0.0066491 0.0066495 0.0080925 0.0061736 0.0066510 0.0066530 0.0076103 0.0052115 0.0071303 0.0080926 0.0850871 0.0199265 0.0209537 0.0204510 0.0194056 0.0194085 0.0189063 0.0204406 0.0042583 
MK673576   0.0965390 0.0971681 0.0972597 0.0071395 0.0037858 0.1082319 0.0042643 0.0105249 0.0235078 0.0240142 0.0139427 0.0144354 0.0144354 0.0149290 0.0144354 0.0972685 0.0120046 0.0100410 0.0090711 0.0081035 0.0047430 0.0081030 0.0076212 0.0000000 0.0052196 0.0066590 0.0037885 0.0052207 0.0119947 0.0037893 0.0124830 0.0047423 0.0110108 0.0061801 0.0052207 0.0920161 0.0234880 0.0245318 0.0240230 0.0229571 0.0229605 0.0224517 0.0240106 0.0071395 
MK673579   0.0944649 0.0950894 0.0951784 0.0047345 0.0061748 0.1053979 0.0047341 0.0080909 0.0214495 0.0219521 0.0114790 0.0119671 0.0119671 0.0124560 0.0119671 0.0951870 0.0095539 0.0076108 0.0066496 0.0056908 0.0052129 0.0056904 0.0052118 0.0052196 0.0000000 0.0014134 0.0042585 0.0056916 0.0095461 0.0042594 0.0100302 0.0052121 0.0085726 0.0056919 0.0056916 0.0893687 0.0214315 0.0224650 0.0219600 0.0209068 0.0209099 0.0204052 0.0219488 0.0056908 
MK673581   0.0950998 0.0957254 0.0958152 0.0061695 0.0076167 0.1060609 0.0061690 0.0095400 0.0229642 0.0234690 0.0129428 0.0134332 0.0134332 0.0139244 0.0134332 0.0958238 0.0110117 0.0090580 0.0080925 0.0071293 0.0066505 0.0071288 0.0066491 0.0066590 0.0014134 0.0000000 0.0056915 0.0061704 0.0110026 0.0056927 0.0114888 0.0066495 0.0100238 0.0071307 0.0071303 0.0899938 0.0229449 0.0239847 0.0234775 0.0224162 0.0224196 0.0219124 0.0234655 0.0071293 
MK673582   0.0976012 0.0982308 0.0983234 0.0061699 0.0047395 0.1086683 0.0033073 0.0095406 0.0229657 0.0234705 0.0129436 0.0134340 0.0134340 0.0139253 0.0134340 0.0983323 0.0110123 0.0090586 0.0080930 0.0071297 0.0037837 0.0071293 0.0066495 0.0037885 0.0042585 0.0056915 0.0000000 0.0042594 0.0110033 0.0028340 0.0114895 0.0037831 0.0100244 0.0052135 0.0042594 0.0912279 0.0229463 0.0239863 0.0234790 0.0224176 0.0224210 0.0219138 0.0234670 0.0061699 
MK673583   0.0994999 0.1001326 0.1002275 0.0076108 0.0061761 0.1106491 0.0047351 0.0100252 0.0244878 0.0249948 0.0134332 0.0139244 0.0139244 0.0144165 0.0139244 0.1002366 0.0124769 0.0105126 0.0095426 0.0085749 0.0052140 0.0085744 0.0080925 0.0052207 0.0056916 0.0061704 0.0042594 0.0000000 0.0124667 0.0042604 0.0129550 0.0042591 0.0105097 0.0066514 0.0056928 0.0930927 0.0244671 0.0244947 0.0239868 0.0239344 0.0239380 0.0234284 0.0249911 0.0076108 
MK673584   0.1008395 0.1014748 0.1015714 0.0056945 0.0110129 0.1120549 0.0114879 0.0052149 0.0234852 0.0239911 0.0085770 0.0090609 0.0090609 0.0095456 0.0090609 0.1015806 0.0105320 0.0085806 0.0076158 0.0066534 0.0119791 0.0066530 0.0061736 0.0119947 0.0095461 0.0110026 0.0110033 0.0124667 0.0000000 0.0110058 0.0014127 0.0119773 0.0056938 0.0114912 0.0124667 0.0894344 0.0234654 0.0245081 0.0239998 0.0239474 0.0229385 0.0234411 0.0250047 0.0085793 
MK673585   0.0963684 0.0969961 0.0970874 0.0061713 0.0047405 0.1073845 0.0033080 0.0095427 0.0229711 0.0234760 0.0129465 0.0134371 0.0134371 0.0139285 0.0134371 0.0970961 0.0110148 0.0090606 0.0080948 0.0071313 0.0018867 0.0071309 0.0066510 0.0037893 0.0042594 0.0056927 0.0028340 0.0042604 0.0110058 0.0000000 0.0114921 0.0018864 0.0100266 0.0052146 0.0023600 0.0900154 0.0229517 0.0239919 0.0234845 0.0224229 0.0224262 0.0219189 0.0234725 0.0061713 
MK673587   0.1014673 0.1021035 0.1022009 0.0061732 0.0114996 0.1127089 0.0119747 0.0056938 0.0239911 0.0244976 0.0090596 0.0095443 0.0095443 0.0100297 0.0095443 0.1022101 0.0110183 0.0090634 0.0080973 0.0071335 0.0124668 0.0071331 0.0066530 0.0124830 0.0100302 0.0114888 0.0114895 0.0129550 0.0014127 0.0114921 0.0000000 0.0124649 0.0061724 0.0119781 0.0129550 0.0900440 0.0239708 0.0250155 0.0245065 0.0244530 0.0234427 0.0239459 0.0255126 0.0090621 
MK673588   0.0975941 0.0982236 0.0983162 0.0071293 0.0056964 0.1086601 0.0042582 0.0105097 0.0239780 0.0244842 0.0139224 0.0144144 0.0144144 0.0149071 0.0144144 0.0983251 0.0119872 0.0100265 0.0090580 0.0080919 0.0018863 0.0080914 0.0076103 0.0047423 0.0052121 0.0066495 0.0037831 0.0042591 0.0119773 0.0018864 0.0124649 0.0000000 0.0109948 0.0061713 0.0033078 0.0912213 0.0239577 0.0250018 0.0244931 0.0234264 0.0234299 0.0229211 0.0244805 0.0071293 
MK673589   0.0994785 0.1001110 0.1002059 0.0047343 0.0100331 0.1106246 0.0105073 0.0004703 0.0234680 0.0239734 0.0037809 0.0042569 0.0042569 0.0047337 0.0042569 0.1002149 0.0095535 0.0076105 0.0066492 0.0056905 0.0109965 0.0056901 0.0052115 0.0110108 0.0085726 0.0100238 0.0100244 0.0105097 0.0056938 0.0100266 0.0061724 0.0109948 0.0000000 0.0105104 0.0114823 0.0893558 0.0234482 0.0234745 0.0229682 0.0229182 0.0229217 0.0224138 0.0239698 0.0076094 
MK673591   0.0995067 0.1001395 0.1002344 0.0066500 0.0071368 0.1106568 0.0056915 0.0100258 0.0234740 0.0239796 0.0134341 0.0139253 0.0139253 0.0144174 0.0139253 0.1002435 0.0115006 0.0095432 0.0085761 0.0076113 0.0061722 0.0076108 0.0071303 0.0061801 0.0056919 0.0071307 0.0052135 0.0066514 0.0114912 0.0052146 0.0119781 0.0061713 0.0105104 0.0000000 0.0066514 0.0918556 0.0234542 0.0244964 0.0239883 0.0229242 0.0229276 0.0224196 0.0239760 0.0076113 
MK673592   0.0982335 0.0988641 0.0989575 0.0076108 0.0061761 0.1093278 0.0047351 0.0109964 0.0234725 0.0239781 0.0144144 0.0149072 0.0149072 0.0154008 0.0149072 0.0989665 0.0124770 0.0105126 0.0095426 0.0085749 0.0033083 0.0085744 0.0080926 0.0052207 0.0056916 0.0071303 0.0042594 0.0056928 0.0124667 0.0023600 0.0129550 0.0033078 0.0114823 0.0066514 0.0000000 0.0918490 0.0234527 0.0244948 0.0239868 0.0229227 0.0229261 0.0224181 0.0239745 0.0076108 
MK801755   0.0269976 0.0275093 0.0275304 0.0844857 0.0900892 0.0335700 0.0918240 0.0887478 0.0935513 0.0941697 0.0930471 0.0936781 0.0936781 0.0943102 0.0936781 0.0275327 0.0876950 0.0893837 0.0881527 0.0844857 0.0912367 0.0856905 0.0850871 0.0920161 0.0893687 0.0899938 0.0912279 0.0930927 0.0894344 0.0900154 0.0900440 0.0912213 0.0893558 0.0918556 0.0918490 0.0000000 0.0934458 0.0948274 0.0942009 0.0927049 0.0927209 0.0920834 0.0941449 0.0881470 
MN549402   0.0998836 0.1005192 0.1006150 0.0184277 0.0229672 0.1124247 0.0234472 0.0229438 0.0037914 0.0042681 0.0264951 0.0270085 0.0270085 0.0275228 0.0270085 0.1006241 0.0224743 0.0214347 0.0214347 0.0204279 0.0239614 0.0204266 0.0199265 0.0234880 0.0214315 0.0229449 0.0229463 0.0244671 0.0234654 0.0229517 0.0239708 0.0239577 0.0234482 0.0234542 0.0234527 0.0934458 0.0000000 0.0047474 0.0052256 0.0014141 0.0004708 0.0018868 0.0033143 0.0214332 
MN549403   0.1012989 0.1019377 0.1020353 0.0194487 0.0240082 0.1139242 0.0244890 0.0229696 0.0047513 0.0052299 0.0265251 0.0270391 0.0270391 0.0275540 0.0270391 0.1020446 0.0235137 0.0224684 0.0224683 0.0214572 0.0239884 0.0214558 0.0209537 0.0245318 0.0224650 0.0239847 0.0239863 0.0244947 0.0245081 0.0239919 0.0250155 0.0250018 0.0234745 0.0244964 0.0244948 0.0948274 0.0047474 0.0000000 0.0004706 0.0052208 0.0042659 0.0057002 0.0061896 0.0224668 
MN549404   0.1006611 0.1012989 0.1013957 0.0189482 0.0235004 0.1132566 0.0239811 0.0224639 0.0052299 0.0057091 0.0260141 0.0265273 0.0265273 0.0270414 0.0265273 0.1014050 0.0230065 0.0219634 0.0219633 0.0209537 0.0234811 0.0209524 0.0204510 0.0240230 0.0219600 0.0234775 0.0234790 0.0239868 0.0239998 0.0234845 0.0245065 0.0244931 0.0229682 0.0239883 0.0239868 0.0942009 0.0052256 0.0004706 0.0000000 0.0057002 0.0047430 0.0052204 0.0057082 0.0219618 
MN549405   0.0991213 0.0997549 0.0998496 0.0179107 0.0224379 0.1116107 0.0229173 0.0224152 0.0042641 0.0047411 0.0259572 0.0264692 0.0264692 0.0269821 0.0264692 0.0998587 0.0219460 0.0209099 0.0209099 0.0199057 0.0234300 0.0199044 0.0194056 0.0229571 0.0209068 0.0224162 0.0224176 0.0239344 0.0239474 0.0224229 0.0244530 0.0234264 0.0229182 0.0229242 0.0229227 0.0927049 0.0014141 0.0052208 0.0057002 0.0000000 0.0009413 0.0004702 0.0018878 0.0209084 
MN549406   0.0991386 0.0997724 0.0998672 0.0179133 0.0224413 0.1116309 0.0229207 0.0224185 0.0033122 0.0037879 0.0259611 0.0264732 0.0264732 0.0269861 0.0264732 0.0998762 0.0219493 0.0209130 0.0209130 0.0199086 0.0234335 0.0199074 0.0194085 0.0229605 0.0209099 0.0224196 0.0224210 0.0239380 0.0229385 0.0224262 0.0234427 0.0234299 0.0229217 0.0229276 0.0229261 0.0927209 0.0004708 0.0042659 0.0047430 0.0009413 0.0000000 0.0014128 0.0028363 0.0209115 
MN549409   0.0984886 0.0991213 0.0992152 0.0174136 0.0219336 0.1109487 0.0224129 0.0219114 0.0047411 0.0052186 0.0254482 0.0259594 0.0259594 0.0264714 0.0259594 0.0992242 0.0214421 0.0204083 0.0204083 0.0194056 0.0229246 0.0194044 0.0189063 0.0224517 0.0204052 0.0219124 0.0219138 0.0234284 0.0234411 0.0219189 0.0239459 0.0229211 0.0224138 0.0224196 0.0224181 0.0920834 0.0018868 0.0057002 0.0052204 0.0004702 0.0014128 0.0000000 0.0014148 0.0204069 
MN549410   0.1006006 0.1012380 0.1013347 0.0189386 0.0234883 0.1131861 0.0239688 0.0234644 0.0061879 0.0066684 0.0270234 0.0275380 0.0275380 0.0280534 0.0275380 0.1013439 0.0229946 0.0219521 0.0219521 0.0209430 0.0234691 0.0209417 0.0204406 0.0240106 0.0219488 0.0234655 0.0234670 0.0249911 0.0250047 0.0234725 0.0255126 0.0244805 0.0239698 0.0239760 0.0239745 0.0941449 0.0033143 0.0061896 0.0057082 0.0018878 0.0028363 0.0014148 0.0000000 0.0219506 
MW535746   0.0957184 0.0963450 0.0964355 0.0037824 0.0071353 0.1067048 0.0066480 0.0071289 0.0214512 0.0219539 0.0105075 0.0109941 0.0109941 0.0114815 0.0109941 0.0964442 0.0085863 0.0066501 0.0056916 0.0047348 0.0071303 0.0047345 0.0042583 0.0071395 0.0056908 0.0071293 0.0061699 0.0076108 0.0085793 0.0061713 0.0090621 0.0071293 0.0076094 0.0076113 0.0076108 0.0881470 0.0214332 0.0224668 0.0219618 0.0209084 0.0209115 0.0204069 0.0219506 0.0000000 
