37
AF212302   0.0000000 0.0011102 0.0005546 0.0022297 0.0191432 0.0842790 0.0867411 0.0073328 0.0883808 0.0859845 0.0924212 0.0867631 0.0875436 0.0875628 0.0005546 0.0005544 0.0005545 0.0858242 0.0851075 0.0851075 0.0854555 0.0909020 0.0850370 0.0891818 0.0875054 0.0884713 0.0900441 0.0874716 0.0915477 0.0867631 0.0915854 0.0901110 0.0867978 0.0897809 0.0907944 0.0932651 0.0913535 
AF376747   0.0011102 0.0000000 0.0005545 0.0033530 0.0203620 0.0859018 0.0883808 0.0084846 0.0900307 0.0876202 0.0940957 0.0884033 0.0891881 0.0892077 0.0016687 0.0016682 0.0016684 0.0874557 0.0867360 0.0867360 0.0870921 0.0925702 0.0866637 0.0908377 0.0891489 0.0901236 0.0917068 0.0891141 0.0932168 0.0884033 0.0932556 0.0917754 0.0884389 0.0914372 0.0924601 0.0949453 0.0930189 
AJ564621   0.0005546 0.0005545 0.0000000 0.0027913 0.0197547 0.0851075 0.0875787 0.0079090 0.0892241 0.0868199 0.0932780 0.0876010 0.0883839 0.0884033 0.0011105 0.0011102 0.0011103 0.0866574 0.0859390 0.0859390 0.0862912 0.0917552 0.0858676 0.0900276 0.0883452 0.0893159 0.0908946 0.0883109 0.0924014 0.0876010 0.0924397 0.0909624 0.0876362 0.0906282 0.0916463 0.0941251 0.0922053 
AJ627196   0.0022297 0.0033530 0.0027913 0.0000000 0.0203812 0.0841776 0.0866355 0.0073269 0.0882723 0.0858801 0.0923058 0.0866574 0.0874366 0.0874557 0.0027913 0.0027905 0.0016698 0.0857203 0.0850046 0.0850046 0.0853517 0.0907890 0.0849344 0.0890719 0.0873985 0.0883626 0.0899326 0.0873648 0.0914338 0.0866574 0.0914714 0.0899993 0.0866920 0.0896713 0.0906818 0.0931481 0.0912402 
AY858111   0.0191432 0.0203620 0.0197547 0.0203812 0.0000000 0.0801088 0.0825218 0.0185208 0.0841298 0.0817771 0.0880985 0.0825425 0.0833096 0.0833276 0.0197547 0.0197488 0.0185337 0.0816279 0.0809204 0.0809204 0.0812473 0.0865996 0.0793199 0.0849162 0.0832740 0.0842145 0.0857607 0.0832427 0.0872413 0.0825425 0.0872761 0.0858231 0.0825748 0.0839566 0.0864989 0.0889246 0.0870571 
AY988601   0.0842790 0.0859018 0.0851075 0.0841776 0.0801088 0.0000000 0.0039155 0.0807905 0.0039152 0.0016693 0.0191025 0.0022280 0.0027878 0.0027883 0.0834747 0.0850707 0.0834537 0.0039114 0.0016680 0.0016680 0.0022292 0.0067610 0.0016680 0.0056156 0.0044794 0.0073310 0.0061876 0.0044758 0.0061799 0.0027878 0.0061810 0.0073336 0.0022286 0.0050381 0.0056131 0.0221456 0.0067538 
FJ513078   0.0867411 0.0883808 0.0875787 0.0866355 0.0825218 0.0039155 0.0000000 0.0832077 0.0044761 0.0056193 0.0209440 0.0061882 0.0067580 0.0067592 0.0859284 0.0875405 0.0859067 0.0056142 0.0056151 0.0056151 0.0061915 0.0073269 0.0056151 0.0039120 0.0027859 0.0085085 0.0073555 0.0061837 0.0067440 0.0067580 0.0067452 0.0079004 0.0061898 0.0067500 0.0061765 0.0240154 0.0084830 
FN869553   0.0073328 0.0084846 0.0079090 0.0073269 0.0185208 0.0807905 0.0832077 0.0000000 0.0848183 0.0824623 0.0887919 0.0832286 0.0839967 0.0840148 0.0079090 0.0079068 0.0067584 0.0823115 0.0816036 0.0816036 0.0819334 0.0872925 0.0815373 0.0856059 0.0839607 0.0849038 0.0864520 0.0839291 0.0879337 0.0832286 0.0879689 0.0865150 0.0832613 0.0862041 0.0871908 0.0896203 0.0877482 
JN808857   0.0883808 0.0900307 0.0892241 0.0882723 0.0841298 0.0039152 0.0044761 0.0848183 0.0000000 0.0056186 0.0185155 0.0061877 0.0067574 0.0067586 0.0875628 0.0891849 0.0875405 0.0033511 0.0056146 0.0056146 0.0061910 0.0050459 0.0056146 0.0039117 0.0027857 0.0073523 0.0062055 0.0039145 0.0044726 0.0067574 0.0044733 0.0056128 0.0061893 0.0044765 0.0039099 0.0215534 0.0061881 
JN808864   0.0859845 0.0876202 0.0868199 0.0858801 0.0817771 0.0016693 0.0056193 0.0824623 0.0056186 0.0000000 0.0209399 0.0016672 0.0022253 0.0022257 0.0851737 0.0867821 0.0851522 0.0056133 0.0033513 0.0033513 0.0039191 0.0084907 0.0033513 0.0073343 0.0061877 0.0090650 0.0079119 0.0061827 0.0079019 0.0033456 0.0079033 0.0090682 0.0016676 0.0067489 0.0073309 0.0240105 0.0084816 
MH396625   0.0924212 0.0940957 0.0932780 0.0923058 0.0880985 0.0191025 0.0209440 0.0887919 0.0185155 0.0209399 0.0000000 0.0215453 0.0221520 0.0221562 0.0915913 0.0932362 0.0915677 0.0184961 0.0209220 0.0209220 0.0203439 0.0215718 0.0209220 0.0203359 0.0191151 0.0221622 0.0209416 0.0190986 0.0209253 0.0221520 0.0209297 0.0221836 0.0215514 0.0196894 0.0203259 0.0050324 0.0215468 
MK575060   0.0867631 0.0884033 0.0876010 0.0866574 0.0825425 0.0022280 0.0061882 0.0832286 0.0061877 0.0016672 0.0215453 0.0000000 0.0005542 0.0005543 0.0859502 0.0875628 0.0859284 0.0061816 0.0039139 0.0039139 0.0044831 0.0090665 0.0039139 0.0079069 0.0067574 0.0096411 0.0084862 0.0067520 0.0084754 0.0039072 0.0084769 0.0096444 0.0011097 0.0073191 0.0079033 0.0246234 0.0090567 
MK575063   0.0875436 0.0891881 0.0883839 0.0874366 0.0833096 0.0027878 0.0067580 0.0839967 0.0067574 0.0022253 0.0221520 0.0005542 0.0000000 0.0011094 0.0867285 0.0883452 0.0867065 0.0067507 0.0044779 0.0044779 0.0050493 0.0096427 0.0044779 0.0084808 0.0073284 0.0102196 0.0090617 0.0073225 0.0090493 0.0044703 0.0090509 0.0102231 0.0016673 0.0078905 0.0084769 0.0252377 0.0096324 
MK575069   0.0875628 0.0892077 0.0884033 0.0874557 0.0833276 0.0027883 0.0067592 0.0840148 0.0067586 0.0022257 0.0221562 0.0005543 0.0011094 0.0000000 0.0867474 0.0883645 0.0867254 0.0067520 0.0044787 0.0044787 0.0050503 0.0096444 0.0044787 0.0084824 0.0073297 0.0102214 0.0090633 0.0073238 0.0090509 0.0044711 0.0090525 0.0102250 0.0016676 0.0078920 0.0084785 0.0252425 0.0096342 
MK673559   0.0005546 0.0016687 0.0011105 0.0027913 0.0197547 0.0834747 0.0859284 0.0079090 0.0875628 0.0851737 0.0915913 0.0859502 0.0867285 0.0867474 0.0000000 0.0011102 0.0011103 0.0850156 0.0843003 0.0843003 0.0846443 0.0900745 0.0842307 0.0883614 0.0866908 0.0876522 0.0892209 0.0866574 0.0907205 0.0859502 0.0907576 0.0892869 0.0859845 0.0889611 0.0899681 0.0924322 0.0905281 
MK673560   0.0005544 0.0016682 0.0011102 0.0027905 0.0197488 0.0850707 0.0875405 0.0079068 0.0891849 0.0867821 0.0932362 0.0875628 0.0883452 0.0883645 0.0011102 0.0000000 0.0011099 0.0866198 0.0859018 0.0859018 0.0862536 0.0917143 0.0858305 0.0899879 0.0883065 0.0892765 0.0908543 0.0882723 0.0923603 0.0875628 0.0923985 0.0909220 0.0875979 0.0905882 0.0916055 0.0940828 0.0921643 
MK673562   0.0005545 0.0016684 0.0011103 0.0016698 0.0185337 0.0834537 0.0859067 0.0067584 0.0875405 0.0851522 0.0915677 0.0859284 0.0867065 0.0867254 0.0011103 0.0011099 0.0000000 0.0849941 0.0842790 0.0842790 0.0846229 0.0900513 0.0842095 0.0883389 0.0866688 0.0876299 0.0891981 0.0866355 0.0906972 0.0859284 0.0907343 0.0892641 0.0859627 0.0889384 0.0899450 0.0924084 0.0905050 
MK673565   0.0858242 0.0874557 0.0866574 0.0857203 0.0816279 0.0039114 0.0056142 0.0823115 0.0033511 0.0056133 0.0184961 0.0061816 0.0067507 0.0067520 0.0850156 0.0866198 0.0849941 0.0000000 0.0056092 0.0056092 0.0061849 0.0061886 0.0056092 0.0050468 0.0039138 0.0079019 0.0067561 0.0039106 0.0056100 0.0067507 0.0056109 0.0067596 0.0061832 0.0044721 0.0050445 0.0215306 0.0061820 
MK673566   0.0851075 0.0867360 0.0859390 0.0850046 0.0809204 0.0016680 0.0056151 0.0816036 0.0056146 0.0033513 0.0209220 0.0039139 0.0044779 0.0044787 0.0843003 0.0859018 0.0842790 0.0056092 0.0000000 0.0011099 0.0039160 0.0084839 0.0033487 0.0073284 0.0061828 0.0090577 0.0079056 0.0061778 0.0078956 0.0044779 0.0078970 0.0090609 0.0039149 0.0067436 0.0073251 0.0239897 0.0084748 
MK673567   0.0851075 0.0867360 0.0859390 0.0850046 0.0809204 0.0016680 0.0056151 0.0816036 0.0056146 0.0033513 0.0209220 0.0039139 0.0044779 0.0044787 0.0843003 0.0859018 0.0842790 0.0056092 0.0011099 0.0000000 0.0039160 0.0084839 0.0033487 0.0073284 0.0061828 0.0090577 0.0079056 0.0061778 0.0078956 0.0044779 0.0078970 0.0090609 0.0039149 0.0067436 0.0073251 0.0239897 0.0084748 
MK673568   0.0854555 0.0870921 0.0862912 0.0853517 0.0812473 0.0022292 0.0061915 0.0819334 0.0061910 0.0039191 0.0203439 0.0044831 0.0050493 0.0050503 0.0846443 0.0862536 0.0846229 0.0061849 0.0039160 0.0039160 0.0000000 0.0090715 0.0039160 0.0079112 0.0067610 0.0096463 0.0084908 0.0067556 0.0084800 0.0050493 0.0084815 0.0096506 0.0044844 0.0073231 0.0079076 0.0234085 0.0090617 
MK673570   0.0909020 0.0925702 0.0917552 0.0907890 0.0865996 0.0067610 0.0073269 0.0872925 0.0050459 0.0084907 0.0215718 0.0090665 0.0096427 0.0096444 0.0900745 0.0917143 0.0900513 0.0061886 0.0084839 0.0084839 0.0090715 0.0000000 0.0084839 0.0067548 0.0056125 0.0102554 0.0090929 0.0067596 0.0050422 0.0096427 0.0027871 0.0005541 0.0090689 0.0073274 0.0022275 0.0246543 0.0090672 
MK673571   0.0850370 0.0866637 0.0858676 0.0849344 0.0793199 0.0016680 0.0056151 0.0815373 0.0056146 0.0033513 0.0209220 0.0039139 0.0044779 0.0044787 0.0842307 0.0858305 0.0842095 0.0056092 0.0033487 0.0033487 0.0039160 0.0084839 0.0000000 0.0073284 0.0061828 0.0090577 0.0079056 0.0061778 0.0078956 0.0044779 0.0078970 0.0090609 0.0039149 0.0067436 0.0073251 0.0239897 0.0084748 
MK673576   0.0891818 0.0908377 0.0900276 0.0890719 0.0849162 0.0056156 0.0039120 0.0856059 0.0039117 0.0073343 0.0203359 0.0079069 0.0084808 0.0084824 0.0883614 0.0899879 0.0883389 0.0050468 0.0073284 0.0073284 0.0079112 0.0067548 0.0073284 0.0000000 0.0022262 0.0090856 0.0079299 0.0056142 0.0061743 0.0084808 0.0061754 0.0073269 0.0079090 0.0061798 0.0056080 0.0233992 0.0079075 
MK673578   0.0875054 0.0891489 0.0883452 0.0873985 0.0832740 0.0044794 0.0027859 0.0839607 0.0027857 0.0061877 0.0191151 0.0067574 0.0073284 0.0073297 0.0866908 0.0883065 0.0866688 0.0039138 0.0061828 0.0061828 0.0067610 0.0056125 0.0061828 0.0022262 0.0000000 0.0079263 0.0067770 0.0044785 0.0050363 0.0073284 0.0050375 0.0061815 0.0067592 0.0050414 0.0044733 0.0221604 0.0067579 
MK673579   0.0884713 0.0901236 0.0893159 0.0883626 0.0842145 0.0073310 0.0085085 0.0849038 0.0073523 0.0090650 0.0221622 0.0096411 0.0102196 0.0102214 0.0876522 0.0892765 0.0876299 0.0079019 0.0090577 0.0090577 0.0096463 0.0102554 0.0090577 0.0090856 0.0079263 0.0000000 0.0011096 0.0084769 0.0096576 0.0102196 0.0096593 0.0108380 0.0096436 0.0090468 0.0090814 0.0252494 0.0096417 
MK673581   0.0900441 0.0917068 0.0908946 0.0899326 0.0857607 0.0061876 0.0073555 0.0864520 0.0062055 0.0079119 0.0209416 0.0084862 0.0090617 0.0090633 0.0892209 0.0908543 0.0891981 0.0067561 0.0079056 0.0079056 0.0084908 0.0090929 0.0079056 0.0079299 0.0067770 0.0011096 0.0000000 0.0073282 0.0085000 0.0090617 0.0085015 0.0096734 0.0084884 0.0078968 0.0079262 0.0240125 0.0084868 
MK673582   0.0874716 0.0891141 0.0883109 0.0873648 0.0832427 0.0044758 0.0061837 0.0839291 0.0039145 0.0061827 0.0190986 0.0067520 0.0073225 0.0073238 0.0866574 0.0882723 0.0866355 0.0039106 0.0061778 0.0061778 0.0067556 0.0067596 0.0061778 0.0056142 0.0044785 0.0084769 0.0073282 0.0000000 0.0061787 0.0073225 0.0061798 0.0073321 0.0067537 0.0050369 0.0056120 0.0221410 0.0067524 
MK673583   0.0915477 0.0932168 0.0924014 0.0914338 0.0872413 0.0061799 0.0067440 0.0879337 0.0044726 0.0079019 0.0209253 0.0084754 0.0090493 0.0090509 0.0907205 0.0923603 0.0906972 0.0056100 0.0078956 0.0078956 0.0084800 0.0050422 0.0078956 0.0061743 0.0050363 0.0096576 0.0085000 0.0061787 0.0000000 0.0090493 0.0044700 0.0056095 0.0084776 0.0067445 0.0039070 0.0239936 0.0084760 
MK673584   0.0867631 0.0884033 0.0876010 0.0866574 0.0825425 0.0027878 0.0067580 0.0832286 0.0067574 0.0033456 0.0221520 0.0039072 0.0044703 0.0044711 0.0859502 0.0875628 0.0859284 0.0067507 0.0044779 0.0044779 0.0050493 0.0096427 0.0044779 0.0084808 0.0073284 0.0102196 0.0090617 0.0073225 0.0090493 0.0000000 0.0090509 0.0102231 0.0039082 0.0078905 0.0084769 0.0252377 0.0096324 
MK673585   0.0915854 0.0932556 0.0924397 0.0914714 0.0872761 0.0061810 0.0067452 0.0879689 0.0044733 0.0079033 0.0209297 0.0084769 0.0090509 0.0090525 0.0907576 0.0923985 0.0907343 0.0056109 0.0078970 0.0078970 0.0084815 0.0027871 0.0078970 0.0061754 0.0050375 0.0096593 0.0085015 0.0061798 0.0044700 0.0090509 0.0000000 0.0033490 0.0084792 0.0067457 0.0016662 0.0239989 0.0084775 
MK673588   0.0901110 0.0917754 0.0909624 0.0899993 0.0858231 0.0073336 0.0079004 0.0865150 0.0056128 0.0090682 0.0221836 0.0096444 0.0102231 0.0102250 0.0892869 0.0909220 0.0892641 0.0067596 0.0090609 0.0090609 0.0096506 0.0005541 0.0090609 0.0073269 0.0061815 0.0108380 0.0096734 0.0073321 0.0056095 0.0102231 0.0033490 0.0000000 0.0096469 0.0079010 0.0027876 0.0252743 0.0096451 
MK673589   0.0867978 0.0884389 0.0876362 0.0866920 0.0825748 0.0022286 0.0061898 0.0832613 0.0061893 0.0016676 0.0215514 0.0011097 0.0016673 0.0016676 0.0859845 0.0875979 0.0859627 0.0061832 0.0039149 0.0039149 0.0044844 0.0090689 0.0039149 0.0079090 0.0067592 0.0096436 0.0084884 0.0067537 0.0084776 0.0039082 0.0084792 0.0096469 0.0000000 0.0073210 0.0079054 0.0246306 0.0090591 
MK673591   0.0897809 0.0914372 0.0906282 0.0896713 0.0839566 0.0050381 0.0067500 0.0862041 0.0044765 0.0067489 0.0196894 0.0073191 0.0078905 0.0078920 0.0889611 0.0905882 0.0889384 0.0044721 0.0067436 0.0067436 0.0073231 0.0073274 0.0067436 0.0061798 0.0050414 0.0090468 0.0078968 0.0050369 0.0067445 0.0078905 0.0067457 0.0079010 0.0073210 0.0000000 0.0061769 0.0227376 0.0073196 
MK673592   0.0907944 0.0924601 0.0916463 0.0906818 0.0864989 0.0056131 0.0061765 0.0871908 0.0039099 0.0073309 0.0203259 0.0079033 0.0084769 0.0084785 0.0899681 0.0916055 0.0899450 0.0050445 0.0073251 0.0073251 0.0079076 0.0022275 0.0073251 0.0056080 0.0044733 0.0090814 0.0079262 0.0056120 0.0039070 0.0084769 0.0016662 0.0027876 0.0079054 0.0061769 0.0000000 0.0233876 0.0079038 
MN549409   0.0932651 0.0949453 0.0941251 0.0931481 0.0889246 0.0221456 0.0240154 0.0896203 0.0215534 0.0240105 0.0050324 0.0246234 0.0252377 0.0252425 0.0924322 0.0940828 0.0924084 0.0215306 0.0239897 0.0239897 0.0234085 0.0246543 0.0239897 0.0233992 0.0221604 0.0252494 0.0240125 0.0221410 0.0239936 0.0252377 0.0239989 0.0252743 0.0246306 0.0227376 0.0233876 0.0000000 0.0246252 
MW535746   0.0913535 0.0930189 0.0922053 0.0912402 0.0870571 0.0067538 0.0084830 0.0877482 0.0061881 0.0084816 0.0215468 0.0090567 0.0096324 0.0096342 0.0905281 0.0921643 0.0905050 0.0061820 0.0084748 0.0084748 0.0090617 0.0090672 0.0084748 0.0079075 0.0067579 0.0096417 0.0084868 0.0067524 0.0084760 0.0096324 0.0084775 0.0096451 0.0090591 0.0073196 0.0079038 0.0246252 0.0000000 
